12 0004                31060N121080E199603      2766230180130 8210512761                                                        
220108997 997  14  F338   0  16 997 2       13 997 2      997 997 2      997  34 2      997***                                  
220111997 997  13  F338   0  15 997 2       12 997 2      997 997 2      997  35 2      997***                                  
220114997 997  13  F338   0  12 997 2       10 997 2      997 997 2      997  33 2      997***                                  
220117997 997  13  F360   0  13 997 2       11 997 2      997 997 2      997  31 2      997***                                  
220208997 997  11U/F  0   0   0 997 2        0 997 2      997 997 2      997   0 2      997***                                  
220211997 997  11U/F  0 113   4 997 2        3 997 2      997 997 2      997  31 2      997***                                  
220214997 997  11U/F  0 113   4 997 2        3 997 2      997 997 2      997  31 2      997***                                  
220217997 997  12U/F 90  90   5 997 2        4 997 2      997 997 2      997  40 2      997***                                  
220308997 997  12U/F  0  90   4 997 2        3 997 2      997 997 2      997  43 2      997***                                  
220311997 997  12U/F  0 113   4 997 2        3 997 2      997 997 2      997 999 2      997***                                  
220314997 997  12U/F  0  90   4 997 2        3 997 2      997 997 2      997  41 2      997***                                  
220317997 997  12U/F 68  90   4 997 2        3 997 2      997 997 2      997  40 2      997***                                  
220408997 997  12U/F  0   0   0 997 2        0 997 2      997 997 2      997 999 2      997***                                  
220411997 997  12U/F  0   0   0 997 2        0 997 2      997 997 2      997 999 2      997***                                  
220414997 997  12U/F203 158   0 997 2        0 997 2      997 997 2      997   0 2      997***                                  
220417997 997  12U/F180 158   0 997 2        0 997 2      997 997 2      997   0 2      997***                                  
220508997 997  13  F 68   0   9 997 2        7 997 2      997 997 2      997 999 2      997***                                  
220511997 997  13  F 68   0   9 997 2        7 997 2      997 997 2      997 999 2      997***                                  
220514997 997  13F/U 90  68   8 997 2        6 997 2      997 997 2      997  24 2      997***                                  
220517997 997  13F/U 90  68   9 997 2        7 997 2      997 997 2      997  24 2      997***                                  
220608997 997  13F/U135 135  12 997 2       10 997 2      997 997 2      997 999 2      997***                                  
220611997 997  13F/U135 135  12 997 2       10 997 2      997 997 2      997 999 2      997***                                  
220614997 997  13F/U135 135  12 997 2       10 997 2      997 997 2      997  21 2      997***                                  
220617997 997  13F/U135 135  10 997 2        8 997 2      997 997 2      997  22 2      997***                                  
220708997 997  12U/F203 158   6 997 2        4 997 2      997 997 2      997 999 2      997***                                  
220711997 997  12U/F203 158   7 997 2        5 997 2      997 997 2      997  26 2      997***                                  
220714997 997  13  F 23   0  12 997 2       10 997 2      997 997 2      997  20 2      997***                                  
220717997 997  13  F 23   0  13 997 2       10 997 2      997 997 2      997  21 2      997***                                  
220808997 997  13  F 23   0  12 997 2       10 997 2      997 997 2      997  21 2      997***                                  
220811997 997  13  F 23   0  11 997 2        9 997 2      997 997 2      997 999 2      997***                                  
220814997 997  13  F 23   0  10 997 2        8 997 2      997 997 2      997  25 2      997***                                  
220817997 997  13  F338   0   9 997 2        7 997 2      997 997 2      997  28 2      997***                                  
220908997 997  13  F293   0  13 997 2       10 997 2      997 997 2      997  15 2      997***                                  
220911997 997  14  F315   0  13 997 2       11 997 2      997 997 2      997 999 2      997***                                  
220914997 997  14  F338   0  13 997 2       11 997 2      997 997 2      997  18 2      997***                                  
220917997 997  14  F 23   0  14 997 2       12 997 2      997 997 2      997  19 2      997***                                  
221008997 997  13  F338   0   7 997 2        5 997 2      997 997 2      997  18 2      997***                                  
221011997 997  12U/F315  23   6 997 2        4 997 2      997 997 2      997 999 2      997***                                  
221014997 997  12U/F315  23   7 997 2        5 997 2      997 997 2      997  35 2      997***                                  
221017997 997  11U/F  0   0   0 997 2        0 997 2      997 997 2      997   0 2      997***                                  
221108997 997  13  F270   0   8 997 2        6 997 2      997 997 2      997  16 2      997***                                  
221111997 997  13  F315   0   9 997 2        7 997 2      997 997 2      997  18 2      997***                                  
221114997 997  13  F360   0   8 997 2        6 997 2      997 997 2      997  19 2      997***                                  
221117997 997  13  F 23  23  10 997 2        8 997 2      997 997 2      997 999 2      997***                                  
221208997 997  12U/F 90  68   6 997 2        4 997 2      997 997 2      997  40 2      997***                                  
221211997 997  12U/F113 113   6 997 2        4 997 2      997 997 2      997 999 2      997***                                  
221214997 997  12U/F203 180   8 997 2        7 997 2      997 997 2      997  47 2      997***                                  
221217997 997  13U/F180 203   9 997 2        7 997 2      997 997 2      997  23 2      997***                                  
221308997 997  12U/F203 225   7 997 2        5 997 2      997 997 2      997 999 2      997***                                  
221311997 997  13U/F180 203   8 997 2        6 997 2      997 997 2      997  27 2      997***                                  
221314997 997  13U/F158 180   7 997 2        6 997 2      997 997 2      997  23 2      997***                                  
221317997 997  13U/F135 158   7 997 2        5 997 2      997 997 2      997  22 2      997***                                  
221408997 997  13U/F113 135  12 997 2        9 997 2      997 997 2      997  37 2      997***                                  
221411997 997  13U/F 90 135  10 997 2        8 997 2      997 997 2      997  30 2      997***                                  
221414997 997  13U/F 90 113  12 997 2       10 997 2      997 997 2      997 999 2      997***                                  
221417997 997  13U/F 68  90  14 997 2       12 997 2      997 997 2      997  32 2      997***                                  
221508997 997  14  F 23   0  16 997 2       14 997 2      997 997 2      997 999 2      997***                                  
221511997 997  14  F360   0  15 997 2       12 997 2      997 997 2      997  31 2      997***                                  
221514997 997  13  F360   0  13 997 2       10 997 2      997 997 2      997  32 2      997***                                  
221517997 997  13  F 90   0   9 997 2        7 997 2      997 997 2      997 999 2      997***                                  
221608997 997  13  F158   0  14 997 2       12 997 2      997 997 2      997 999 2      997***                                  
221611997 997  14  F158   0  18 997 2       15 997 2      997 997 2      997  31 2      997***                                  
221614997 997  14  F158   0  17 997 2       14 997 2      997 997 2      997  42 2      997***                                  
221617997 997  13  F180   0  15 997 2       12 997 2      997 997 2      997  30 2      997***                                  
221708997 997  13  F360   0  15 997 2       12 997 2      997 997 2      997  32 2      997***                                  
221711997 997  13  F360   0  14 997 2       12 997 2      997 997 2      997  44 2      997***                                  
221714997 997  13  F360   0  14 997 2       12 997 2      997 997 2      997  33 2      997***                                  
221717997 997  13U/F 23  23  13 997 2       11 997 2      997 997 2      997  27 2      997***                                  
221808997 997  13U/F360  23  11 997 2        8 997 2      997 997 2      997 999 2      997***                                  
221811997 997  13U/F 23  45  11 997 2        9 997 2      997 997 2      997  29 2      997***                                  
221814997 997  13  F338   0  10 997 2        8 997 2      997 997 2      997  31 2      997***                                  
221817997 997  13  F360   0   8 997 2        6 997 2      997 997 2      997  23 2      997***                                  
221908997 997  13U/F 68  45   8 997 2        6 997 2      997 997 2      997 999 2      997***                                  
221911997 997  13U/F 68 113  12 997 2        9 997 2      997 997 2      997  30 2      997***                                  
221914997 997  13U/F 90  68  10 997 2        7 997 2      997 997 2      997  35 2      997***                                  
221917997 997  13U/F 90  45  13 997 2        9 997 2      997 997 2      997  37 2      997***                                  
222008997 997  13U/F 90  90  12 997 2        9 997 2      997 997 2      997  30 2      997***                                  
222011997 997  13U/F 90  68  13 997 2       10 997 2      997 997 2      997  36 2      997***                                  
222014997 997  13U/F 90  68  12 997 2       10 997 2      997 997 2      997 999 2      997***                                  
222017997 997  13  F 68   0   6 997 2        5 997 2      997 997 2      997  31 2      997***                                  
222108997 997  11U/F  0   0   0 997 2        0 997 2      997 997 2      997   0 2      997***                                  
222111997 997  13U/F248  90   8 997 2        6 997 2      997 997 2      997  46 2      997***                                  
222114997 997  13U/F270 113  12 997 2        9 997 2      997 997 2      997  26 2      997***                                  
222117997 997  13U/F293  45  12 997 2        9 997 2      997 997 2      997 999 2      997***                                  
222208997 997  12  F 23   0   5 997 2        4 997 2      997 997 2      997  17 2      997***                                  
222211997 997  11U/F  0   0   0 997 2        0 997 2      997 997 2      997   0 2      997***                                  
222214997 997  13  F360   0   6 997 2        5 997 2      997 997 2      997  25 2      997***                                  
222217997 997  12  F338   0   5 997 2        4 997 2      997 997 2      997  18 2      997***                                  
222308997 997  13U/F 23  45  14 997 2       10 997 2      997 997 2      997  39 2      997***                                  
222311997 997  13F/U360  23  10 997 2        8 997 2      997 997 2      997 999 2      997***                                  
222314997 997  13F/U360  23  13 997 2       10 997 2      997 997 2      997  29 2      997***                                  
222317997 997  14F/U360  23  17 997 2       15 997 2      997 997 2      997 999 2      997***                                  
222408997 970  11U/F  0   0   0 997 2        0 997 2      997 997 2      997   0 2      997***                                  
222411997 997  13U/F 68  90  10 997 2        7 997 2      997 997 2      997 999 2      997***                                  
222414997 997  13U/F 45  90   7 997 2        4 997 2      997 997 2      997  75 2      997***                                  
222417997 997  13U/F293  90   7 997 2        5 997 2      997 997 2      997 999 2      997***                                  
222508997 997  09999999 999 999 997 2      999 997 2      997 997 2      997 999 2      997***                                  
222511997 997  13  F360   0  10 997 2        8 997 2      997 997 2      997 999 2      997***                                  
222514997 997  13  F360   0  10 997 2        8 997 2      997 997 2      997 999 2      997***                                  
222517997 997  13  F360   0   8 997 2        6 997 2      997 997 2      997 999 2      997***                                  
222608997 997  12U/F  0  68   6 997 2        4 997 2      997 997 2      997  36 2      997***                                  
222611997 997  12U/F 45  68   7 997 2        5 997 2      997 997 2      997  34 2      997***                                  
222614997 997  12U/F 45  68   7 997 2        5 997 2      997 997 2      997  31 2      997***                                  
222617997 997  13F/U 45  68   8 997 2        6 997 2      997 997 2      997  32 2      997***                                  
222708997 997  13U/F 23  45   8 997 2        6 997 2      997 997 2      997  42 2      997***                                  
222711997 997  13F/U 68  68   8 997 2        6 997 2      997 997 2      997  41 2      997***                                  
222714997 997  12U/F  0  68   7 997 2        5 997 2      997 997 2      997  41 2      997***                                  
222717997 997  12U/F  0  90   7 997 2        5 997 2      997 997 2      997  48 2      997***                                  
222808997 997  13F/U 45  68  12 997 2        9 997 2      997 997 2      997  44 2      997***                                  
222811997 997  14F/U 23  23  14 997 2       11 997 2      997 997 2      997  39 2      997***                                  
222814997 997  14F/U 23  68  15 997 2       13 997 2      997 997 2      997  39 2      997***                                  
222817997 997  14F/U 68  68  15 997 2       13 997 2      997 997 2      997  41 2      997***                                  
222908997 997  13F/U113  90  12 997 2       10 997 2      997 997 2      997  38 2      997***                                  
222911997 997  13  F135   0  13 997 2       10 997 2      997 997 2      997  39 2      997***                                  
222914997 997  14  F135   0  19 997 2       16 997 2      997 997 2      997  34 2      997***                                  
222917997 997  13U/F 90   0  10 997 2        8 997 2      997 997 2      997 999 2      997***                                  
223008997 997  13  F293   0  13 997 2       10 997 2      997 997 2      997  30 2      997***                                  
223011997 997  13  F315   0   9 997 2        6 997 2      997 997 2      997  27 2      997***                                  
223014997 997  12  F315   0   7 997 2        5 997 2      997 997 2      997  26 2      997***                                  
223017997 997  13  F338   0   9 997 2        7 997 2      997 997 2      997  31 2      997***                                  
223108997 997  11U/F  0   0   0 997 2        0 997 2      997 997 2      997   0 2      997***                                  
223111997 997  12F/U 23  45   7 997 2        5 997 2      997 997 2      997  31 2      997***                                  
223114997 997  13F/U 23  45   8 997 2        6 997 2      997 997 2      997  31 2      997***                                  
213117997 997  14F/U 45  68  14 997 2       11 997 2      997 997 2      997  30 2      997***                                  
