12 0004                31060N122080E199706        0   0  0  0  0  01  02                                                        
220108180  90  24  F180   0  13 997 2       10 997 2      997 997 2      997  19 2      997***                                  
220111203  70  23  F203   0  10 997 2        8 997 2      997 997 2      997  24 2      997***                                  
220114113  20  22U/F113  90   6 997 2        4 997 2      997 997 2      997  31 2      997***                                  
220117135  20  22U/F135 113   6 997 2        4 997 2      997 997 2      997 998 2      997***                                  
220208113  60  23U/F113  90   8 997 2        6 997 2      997 997 2      997  34 2      997***                                  
220211113  50  23U/F113  90   9 997 2        7 997 2      997 997 2      997 998 2      997***                                  
220214 90  50  23U/F 90  90   8 997 2        6 997 2      997 997 2      997  32 2      997***                                  
220217 90  70  23F/U 90  90   8 997 2        6 997 2      997 997 2      997  22 2      997***                                  
220308113  60  23U/F113 113   8 997 2        6 997 2      997 997 2      997  34 2      997***                                  
220311113  60  23U/F113 113   9 997 2        7 997 2      997 997 2      997 998 2      997***                                  
220314113  40  23F/U113 113   7 997 2        5 997 2      997 997 2      997  21 2      997***                                  
220317135  50  23F/U135 113   8 997 2        6 997 2      997 997 2      997  27 2      997***                                  
220408158  50  23U/F158 135   8 997 2        6 997 2      997 997 2      997 998 2      997***                                  
220411203  50  23U/F203 135   8 997 2        6 997 2      997 997 2      997 998 2      997***                                  
220414180  50  23U/F180 135   8 997 2        6 997 2      997 997 2      997  31 2      997***                                  
220417158  40  22F/U158 135   8 997 2        6 997 2      997 997 2      997  28 2      997***                                  
220508135  50  23U/F135 135   8 997 2        6 997 2      997 997 2      997  31 2      997***                                  
220511135  60  23F/U135 135   8 997 2        6 997 2      997 997 2      997 998 2      997***                                  
220514158  60  23U/F158 135   9 997 2        7 997 2      997 997 2      997  36 2      997***                                  
220517158  50  23F/U158 135   8 997 2        6 997 2      997 997 2      997  26 2      997***                                  
220608158  30  22U/F158 135   6 997 2        4 997 2      997 997 2      997  32 2      997***                                  
220611158  10  21U/F  0 135   4 997 2        2 997 2      997 997 2      997  38 2      997***                                  
220614 90  10  21U/F  0 113   4 997 2        2 997 2      997 997 2      997  43 2      997***                                  
220617113  30  22U/F  0 113   6 997 2        4 997 2      997 997 2      997  36 2      997***                                  
220708158  70  23U/F158 135  10 997 2        8 997 2      997 997 2      997  39 2      997***                                  
220711113  50  22U/F113  90   7 997 2        5 997 2      997 997 2      997  36 2      997***                                  
220714135  20  22U/F135 135   6 997 2        4 997 2      997 997 2      997 998 2      997***                                  
220717  0   0  21U/F  0   0   0 997 2        0 997 2      997 997 2      997   0 2      997***                                  
220808270  90  24  F248   0  13 997 2       10 997 2      997 997 2      997  25 2      997***                                  
220811248 130  24  F248   0  15 997 2       12 997 2      997 997 2      997 998 2      997***                                  
220814293 110  24  F293   0  15 997 2       12 997 2      997 997 2      997 998 2      997***                                  
220817293  80  23  F293   0  11 997 2        9 997 2      997 997 2      997 998 2      997***                                  
220908270  20  22U/F270  90   3 997 2        2 997 2      997 997 2      997  44 2      997***                                  
220911270  30  22U/F270  90   5 997 2        3 997 2      997 997 2      997 998 2      997***                                  
220914338  30  22U/F338  90   6 997 2        4 997 2      997 997 2      997  38 2      997***                                  
220917338  20  22U/F  0  90   5 997 2        3 997 2      997 997 2      997 998 2      997***                                  
221008 45  40  22U/F 23  45   6 997 2        4 997 2      997 997 2      997  43 2      997***                                  
221011158  30  22U/F158 135   6 997 2        4 997 2      997 997 2      997 998 2      997***                                  
221014248  40  22U/F248  90   9 997 2        7 997 2      997 997 2      997  39 2      997***                                  
221017225  40  22U/F225  90  10 997 2        8 997 2      997 997 2      997  43 2      997***                                  
221108225  80  22  F225   0   8 997 2        6 997 2      997 997 2      997  19 2      997***                                  
221111248  60  22  F248   0   8 997 2        6 997 2      997 997 2      997 998 2      997***                                  
221114203  90  23  F203   0  10 997 2        8 997 2      997 997 2      997  30 2      997***                                  
221117203  80  22  F203   0   9 997 2        7 997 2      997 997 2      997  27 2      997***                                  
221208225  50  22U/F225 113   9 997 2        7 997 2      997 997 2      997  45 2      997***                                  
221211315  20  21U/F  0 113   9 997 2        7 997 2      997 997 2      997  44 2      997***                                  
221214180  20  21U/F  0 113   8 997 2        6 997 2      997 997 2      997  35 2      997***                                  
221217113  70  22U/F113 113  10 997 2        8 997 2      997 997 2      997  34 2      997***                                  
221308135  40  22U/F135 113  10 997 2        8 997 2      997 997 2      997  48 2      997***                                  
221311113  70  23  F113   0  10 997 2        8 997 2      997 997 2      997  32 2      997***                                  
221314135  60  22  F135   0   8 997 2        6 997 2      997 997 2      997 998 2      997***                                  
221317135  80  23F/U135 113  10 997 2        8 997 2      997 997 2      997  31 2      997***                                  
221408 90  60  22  F 90   0   8 997 2        6 997 2      997 997 2      997  30 2      997***                                  
221411 90  70  23U/F 90  90  13 997 2       11 997 2      997 997 2      997  44 2      997***                                  
221414 90  50  22U/F 90  90  12 997 2       10 997 2      997 997 2      997  34 2      997***                                  
221417 90  70  23U/F 90  90  14 997 2       12 997 2      997 997 2      997  38 2      997***                                  
221508 90  20  21U/F  0 113  10 997 2        8 997 2      997 997 2      997  48 2      997***                                  
221511225  20  21U/F  0 113  11 997 2        9 997 2      997 997 2      997 998 2      997***                                  
221514  0   0  21U/F  0  90  10 997 2        8 997 2      997 997 2      997  36 2      997***                                  
221517 23  20  21U/F  0  90  10 997 2        8 997 2      997 997 2      997 998 2      997***                                  
221608360  30  21U/F  0 113  12 997 2       10 997 2      997 997 2      997  50 2      997***                                  
221611360  40  22  F360   0   6 997 2        5 997 2      997 997 2      997  20 2      997***                                  
221614 45  40  22U/F 45 113  13 997 2       11 997 2      997 997 2      997  56 2      997***                                  
221617 45  60  22U/F 45 113  14 997 2       12 997 2      997 997 2      997 998 2      997***                                  
221708135  30  21U/F  0 113  10 997 2        8 997 2      997 997 2      997  41 2      997***                                  
221711 90  20  21U/F  0 113   9 997 2        7 997 2      997 997 2      997 998 2      997***                                  
221714 68  60  22F/U 68 113   8 997 2        6 997 2      997 997 2      997  30 2      997***                                  
221717 90  80  23F/U 90 113  11 997 2        9 997 2      997 997 2      997 998 2      997***                                  
221808 45  30  21U/F  0 113  10 997 2        8 997 2      997 997 2      997  38 2      997***                                  
221811 90  50  22U/F 90 113  11 997 2        9 997 2      997 997 2      997  47 2      997***                                  
221814135  30  21U/F  0 113   9 997 2        7 997 2      997 997 2      997 998 2      997***                                  
221817113  60  22U/F113 113  11 997 2        9 997 2      997 997 2      997 998 2      997***                                  
221908135  70  22  F135   0   8 997 2        6 997 2      997 997 2      997 998 2      997***                                  
221911135  60  22U/F135 113  10 997 2        8 997 2      997 997 2      997 998 2      997***                                  
221914158  60  22F/U158 113   9 997 2        7 997 2      997 997 2      997  29 2      997***                                  
221917113  60  23U/F113 113  13 997 2       11 997 2      997 997 2      997  46 2      997***                                  
222008113  30  21U/F  0 113  12 997 2       10 997 2      997 997 2      997  54 2      997***                                  
222011135  60  22U/F135 113  13 997 2       11 997 2      997 997 2      997  46 2      997***                                  
222014113  50  22U/F113 113  12 997 2       10 997 2      997 997 2      997 998 2      997***                                  
222017 90  30  21U/F  0  90  14 997 2       12 997 2      997 997 2      997  54 2      997***                                  
222108135  30  21U/F  0  90  12 997 2       10 997 2      997 997 2      997  44 2      997***                                  
222111158  70  22U/F158  90  13 997 2       11 997 2      997 997 2      997  46 2      997***                                  
222114158  50  23U/F158 113   7 997 2        6 997 2      997 997 2      997 998 2      997***                                  
222117180  40  22  F180   0   6 997 2        4 997 2      997 997 2      997  27 2      997***                                  
222208338  40  22U/F338  90   6 997 2        5 997 2      997 997 2      997 998 2      997***                                  
222211 68  40  22U/F 68  90   7 997 2        5 997 2      997 997 2      997  35 2      997***                                  
222214135  30  22U/F135 113   5 997 2        4 997 2      997 997 2      997  31 2      997***                                  
222217158  30  22  F158   0   4 997 2        3 997 2      997 997 2      997  29 2      997***                                  
222308180  20  22U/F  0 158   5 997 2        4 997 2      997 997 2      997  32 2      997***                                  
222311180  50  23  F180   0   6 997 2        5 997 2      997 997 2      997  25 2      997***                                  
222314180  50  23  F180   0   6 997 2        5 997 2      997 997 2      997 998 2      997***                                  
222317158  50  23U/F158 135   9 997 2        7 997 2      997 997 2      997  35 2      997***                                  
222408135  60  23U/F135 113   9 997 2        7 997 2      997 997 2      997  35 2      997***                                  
222411135  80  23F/U135 113  12 997 2        9 997 2      997 997 2      997  30 2      997***                                  
222414158 120  24  F158   0  15 997 2       13 997 2      997 997 2      997  27 2      997***                                  
222417158 130  24  F158   0  18 997 2       15 997 2      997 997 2      997  27 2      997***                                  
222508180  70  23  F180   0   9 997 2        7 997 2      997 997 2      997  29 2      997***                                  
222511180  60  23  F180   0   8 997 2        6 997 2      997 997 2      997  29 2      997***                                  
222514158  60  23U/F158 113   9 997 2        7 997 2      997 997 2      997  29 2      997***                                  
222517135  60  23  F135   0   7 997 2        5 997 2      997 997 2      997  27 2      997***                                  
222608338  40  22  F338   0   5 997 2        3 997 2      997 997 2      997  28 2      997***                                  
222611 45  50  23F/U 45  68   7 997 2        5 997 2      997 997 2      997  33 2      997***                                  
222614 68  60  23F/U 68  68   9 997 2        7 997 2      997 997 2      997  30 2      997***                                  
222617 68  70  23F/U 68  68  10 997 2        8 997 2      997 997 2      997 998 2      997***                                  
222708 68  80  23F/U 68  68  10 997 2        8 997 2      997 997 2      997  32 2      997***                                  
222711 68  90  24U/F 68  68  16 997 2       13 997 2      997 997 2      997  35 2      997***                                  
222714 45  80  23F/U 45  45  13 997 2       11 997 2      997 997 2      997  29 2      997***                                  
222717 23 100  24  F 23   0  16 997 2       13 997 2      997 997 2      997  29 2      997***                                  
222808315  40  22  F315   0   4 997 2        3 997 2      997 997 2      997  27 2      997***                                  
222811315  40  22F/U315  68   5 997 2        4 997 2      997 997 2      997 998 2      997***                                  
222814 23  40  22U/F 23  68   8 997 2        6 997 2      997 997 2      997  60 2      997***                                  
222817 68  50  23U/F 68  90   8 997 2        6 997 2      997 997 2      997  44 2      997***                                  
222908135  60  23F/U135  90   9 997 2        7 997 2      997 997 2      997  28 2      997***                                  
222911135  90  23F/U135  90  12 997 2        9 997 2      997 997 2      997  33 2      997***                                  
222914135 100  23  F135   0  15 997 2       13 997 2      997 997 2      997  29 2      997***                                  
222917135 100  23F/U135 113  17 997 2       14 997 2      997 997 2      997  30 2      997***                                  
223008158  90  23F/U158 113  14 997 2       11 997 2      997 997 2      997  30 2      997***                                  
223011158 100  23  F158   0  14 997 2       11 997 2      997 997 2      997  29 2      997***                                  
223014158  50  23F/U158 135   9 997 2        7 997 2      997 997 2      997  32 2      997***                                  
213017158  80  23F/U158 135  10 997 2        8 997 2      997 997 2      997  30 2      997***                                  
