12 0004                31060N122080E199708        0   0  0  0  0  01  02                                                        
220108135  90  23F/U135 135  13 997 2       10 997 2      997 997 2      997  31 2      997***                                  
220111113  90  23F/U113 113  13 997 2       10 997 2      997 997 2      997 998 2      997***                                  
220114135  90  23  F135   0  12 997 2        9 997 2      997 997 2      997  28 2      997***                                  
220117135 110  24F/U135 135  16 997 2       13 997 2      997 997 2      997  35 2      997***                                  
220208158  80  23F/U158 113  13 997 2       10 997 2      997 997 2      997  33 2      997***                                  
220211135  90  23F/U135 113  12 997 2        9 997 2      997 997 2      997  29 2      997***                                  
220214135 100  23F/U135 135  13 997 2       10 997 2      997 997 2      997  29 2      997***                                  
220217135 110  24F/U135 135  16 997 2       13 997 2      997 997 2      997  33 2      997***                                  
220308135  80  23F/U135 113  11 997 2        8 997 2      997 997 2      997  32 2      997***                                  
220311158 100  23F/U158 135  13 997 2       10 997 2      997 997 2      997  31 2      997***                                  
220314158  90  23  F158   0  12 997 2        9 997 2      997 997 2      997  28 2      997***                                  
220317158  80  23F/U180 113  12 997 2        9 997 2      997 997 2      997  34 2      997***                                  
220408180 110  24  F180   0  16 997 2       13 997 2      997 997 2      997  29 2      997***                                  
220411158 110  24F/U158 135  16 997 2       13 997 2      997 997 2      997  33 2      997***                                  
220414158 120  24F/U158 135  16 997 2       13 997 2      997 997 2      997 998 2      997***                                  
220417180 110  24F/U158 135  14 997 2       12 997 2      997 997 2      997  28 2      997***                                  
220508225  50  23  F225   0   7 997 2        5 997 2      997 997 2      997  25 2      997***                                  
220511225  40  22  F225   0   6 997 2        4 997 2      997 997 2      997  27 2      997***                                  
220514293  30  22  F293   0   6 997 2        4 997 2      997 997 2      997  26 2      997***                                  
220517  0   0  21U/F  0   0   0 997 2        0 997 2      997 997 2      997   0 2      997***                                  
220608158  20  22U/F158 135   6 997 2        4 997 2      997 997 2      997  35 2      997***                                  
220611270  30  22  F270   0   6 997 2        4 997 2      997 997 2      997  25 2      997***                                  
220614113  30  22U/F113 135   6 997 2        4 997 2      997 997 2      997 998 2      997***                                  
220617135  40  22F/U135 135   6 997 2        4 997 2      997 997 2      997  21 2      997***                                  
220708113  40  22U/F113 135   6 997 2        4 997 2      997 997 2      997  40 2      997***                                  
220711113  40  22U/F113 135   6 997 2        4 997 2      997 997 2      997  35 2      997***                                  
220714 90  70  23U/F 90 113   9 997 2        7 997 2      997 997 2      997 998 2      997***                                  
220717 90  40  22U/F 90 113   6 997 2        4 997 2      997 997 2      997 998 2      997***                                  
220808360  70  23  F360   0   8 997 2        6 997 2      997 997 2      997  21 2      997***                                  
220811360  60  23  F360   0   8 997 2        6 997 2      997 997 2      997  25 2      997***                                  
220814315  50  23  F315   0   8 997 2        6 997 2      997 997 2      997  23 2      997***                                  
220817360  60  23  F338   0   8 997 2        6 997 2      997 997 2      997  22 2      997***                                  
220908203  90  23  F203   0  10 997 2        8 997 2      997 997 2      997  19 2      997***                                  
220911203 100  23U/F203 135  12 997 2        9 997 2      997 997 2      997 998 2      997***                                  
220914270  40  22U/F270 158   6 997 2        4 997 2      997 997 2      997  33 2      997***                                  
220917360  70  23F/U 23  45   9 997 2        7 997 2      997 997 2      997  28 2      997***                                  
221008360  50  23  F360   0   7 997 2        5 997 2      997 997 2      997  27 2      997***                                  
221011 45  50  23  F 45   0   7 997 2        5 997 2      997 997 2      997  27 2      997***                                  
221014 23  50  22  F 23   0   6 997 2        4 997 2      997 997 2      997  24 2      997***                                  
221017 45  30  22  F 45   0   6 997 2        4 997 2      997 997 2      997  22 2      997***                                  
221108  0   0  21U/F  0   0   0 997 2        0 997 2      997 997 2      997   0 2      997***                                  
221111 45  20  22U/F 45  90   5 997 2        3 997 2      997 997 2      997  36 2      997***                                  
221114 68  30  22U/F 68  90   6 997 2        4 997 2      997 997 2      997  34 2      997***                                  
221117 90  50  22U/F 90  90   6 997 2        4 997 2      997 997 2      997  42 2      997***                                  
221208 68  30  22  F 68   0   5 997 2        3 997 2      997 997 2      997  24 2      997***                                  
221211 90  40  22  F 90   0   6 997 2        4 997 2      997 997 2      997  24 2      997***                                  
221214 90  40  22U/F 90  90   6 997 2        4 997 2      997 997 2      997 998 2      997***                                  
221217 90  40  22F/U 90  90   6 997 2        4 997 2      997 997 2      997  26 2      997***                                  
221308135  40  22F/U135 135   6 997 2        4 997 2      997 997 2      997  21 2      997***                                  
221311135  40  22U/F135 135   6 997 2        4 997 2      997 997 2      997  31 2      997***                                  
221314113  50  23U/F113 135   7 997 2        5 997 2      997 997 2      997  37 2      997***                                  
221317113  40  22U/F113 135   6 997 2        4 997 2      997 997 2      997 998 2      997***                                  
221408 68 100  23U/F 68  90  12 997 2       10 997 2      997 997 2      997  33 2      997***                                  
221411 68  70  23U/F 68  90  10 997 2        8 997 2      997 997 2      997  36 2      997***                                  
221414 68  60  23U/F 68  90   9 997 2        7 997 2      997 997 2      997  34 2      997***                                  
221417 68  90  23U/F 68  90  11 997 2        9 997 2      997 997 2      997 998 2      997***                                  
221508 68 100  24U/F 68  68  13 997 2       10 997 2      997 997 2      997  33 2      997***                                  
221511 68 110  24U/F 68  68  16 997 2       13 997 2      997 997 2      997 998 2      997***                                  
221514 90 140  25U/F 90  90  18 997 2       15 997 2      997 997 2      997  49 2      997***                                  
221517 90 110  24U/F 90  90  17 997 2       14 997 2      997 997 2      997  44 2      997***                                  
221608 68 100  24U/F 68  68  15 997 2       13 997 2      997 997 2      997 998 2      997***                                  
221611 90 100  24U/F 90  68  18 997 2       15 997 2      997 997 2      997 998 2      997***                                  
221614 23  90  24U/F 23  90  13 997 2       11 997 2      997 997 2      997  47 2      997***                                  
221617 45 100  24U/F 45  90  14 997 2       12 997 2      997 997 2      997  52 2      997***                                  
221708 45 120  24U/F 45  68  15 997 2       13 997 2      997 997 2      997  46 2      997***                                  
221711 45 140  24U/F 45  68  15 997 2       13 997 2      997 997 2      997 998 2      997***                                  
221714 23 150  24F/U 23  68  14 997 2       12 997 2      997 997 2      997  27 2      997***                                  
221717 23 130  24F/U 23  68  13 997 2       11 997 2      997 997 2      997  25 2      997***                                  
221808998 998  2+998998 998 998 997 2      998 997 2      997 997 2      997 998 2      997***                                  
221811998 998  2+998998 998 998 997 2      998 997 2      997 997 2      997 998 2      997***                                  
221814998 998  2+998998 998 998 997 2      998 997 2      997 997 2      997 998 2      997***                                  
221817998 998  2+998998 998 998 997 2      998 997 2      997 997 2      997 998 2      997***                                  
221908998 998  2+998998 998 998 997 2      998 997 2      997 997 2      997 998 2      997***                                  
221911998 998  2+998998 998 998 997 2      998 997 2      997 997 2      997 998 2      997***                                  
221914998 998  2+998998 998 998 997 2      998 997 2      997 997 2      997 998 2      997***                                  
221917998 998  2+998998 998 998 997 2      998 997 2      997 997 2      997 998 2      997***                                  
222008998 998  2+998998 998 998 997 2      998 997 2      997 997 2      997 998 2      997***                                  
222011158 160  25F/U158 113  17 997 2       14 997 2      997 997 2      997  39 2      997***                                  
222014158 170  25F/U158 113  18 997 2       15 997 2      997 997 2      997 998 2      997***                                  
222017158 140  24F/U158 113  15 997 2       13 997 2      997 997 2      997  47 2      997***                                  
222108338  40  22U/F338  90   9 997 2        7 997 2      997 997 2      997 998 2      997***                                  
222111 23  20  21U/F  0 113  11 997 2        9 997 2      997 997 2      997 998 2      997***                                  
222114338  30  21U/F  0 113  13 997 2       11 997 2      997 997 2      997  51 2      997***                                  
222117 23  40  21U/F  0 113  10 997 2        8 997 2      997 997 2      997  45 2      997***                                  
222208 90  30  22U/F 90 113  10 997 2        8 997 2      997 997 2      997  50 2      997***                                  
222211203  30  21U/F  0 113   9 997 2        7 997 2      997 997 2      997 998 2      997***                                  
222214135  60  22U/F135 113  10 997 2        8 997 2      997 997 2      997  41 2      997***                                  
222217135  70  23F/U135 113   9 997 2        7 997 2      997 997 2      997  35 2      997***                                  
222308180  60  22F/U180  90   8 997 2        6 997 2      997 997 2      997  34 2      997***                                  
222311180  40  22U/F180 113   9 997 2        7 997 2      997 997 2      997 998 2      997***                                  
222314180  50  22U/F180 113  10 997 2        8 997 2      997 997 2      997  41 2      997***                                  
222317180  40  22U/F180 113   9 997 2        7 997 2      997 997 2      997  39 2      997***                                  
222408203  30  22  F203   0   4 997 2        3 997 2      997 997 2      997  22 2      997***                                  
222411203  20  21U/F  0 113   8 997 2        6 997 2      997 997 2      997 998 2      997***                                  
222414 45  10  21U/F  0 113   9 997 2        7 997 2      997 997 2      997  41 2      997***                                  
222417 90  30  21U/F  0 113   9 997 2        7 997 2      997 997 2      997  41 2      997***                                  
222508360  30  21U/F  0   0   0 997 2        0 997 2      997 997 2      997   0 2      997***                                  
222511 90  40  22  F 90   0   5 997 2        4 997 2      997 997 2      997  24 2      997***                                  
222514135  50  22U/F135 113   9 997 2        7 997 2      997 997 2      997  40 2      997***                                  
222517 23  20  21U/F  0 113   9 997 2        7 997 2      997 997 2      997  36 2      997***                                  
222608113 100  24U/F113 135  14 997 2       12 997 2      997 997 2      997  43 2      997***                                  
222611135 120  24  F135   0  13 997 2       11 997 2      997 997 2      997 998 2      997***                                  
222614135  90  23U/F135 113  13 997 2       11 997 2      997 997 2      997  32 2      997***                                  
222617113  80  23U/F113 113  13 997 2       10 997 2      997 997 2      997  32 2      997***                                  
222708113  80  23F/U113 113  12 997 2        9 997 2      997 997 2      997 998 2      997***                                  
222711113  60  23F/U113 113   9 997 2        7 997 2      997 997 2      997  31 2      997***                                  
222714113  80  23F/U113 113  12 997 2        9 997 2      997 997 2      997  32 2      997***                                  
222717113  70  23F/U113  90  11 997 2        8 997 2      997 997 2      997 998 2      997***                                  
222808135  60  23F/U135 113   9 997 2        7 997 2      997 997 2      997  31 2      997***                                  
222811135  80  23F/U135 113  10 997 2        8 997 2      997 997 2      997  31 2      997***                                  
222814135  80  23F/U135 113  10 997 2        8 997 2      997 997 2      997  34 2      997***                                  
222817158  80  23F/U158 113  11 997 2        9 997 2      997 997 2      997 998 2      997***                                  
222908158  80  23  F158   0  10 997 2        8 997 2      997 997 2      997 998 2      997***                                  
222911135  90  23F/U135 113  13 997 2       10 997 2      997 997 2      997  33 2      997***                                  
222914135  90  23F/U135 113  13 997 2       10 997 2      997 997 2      997  35 2      997***                                  
222917135  80  23F/U135 113  13 997 2       10 997 2      997 997 2      997  33 2      997***                                  
223008113  70  23F/U113  90  10 997 2        8 997 2      997 997 2      997 998 2      997***                                  
223011113 110  24F/U113  90  17 997 2       14 997 2      997 997 2      997  35 2      997***                                  
223014158 100  23F/U158 113  16 997 2       13 997 2      997 997 2      997  33 2      997***                                  
223017158 100  23F/U158 113  16 997 2       13 997 2      997 997 2      997  35 2      997***                                  
223108135 110  23F/U135 113  17 997 2       14 997 2      997 997 2      997  33 2      997***                                  
223111158 110  23  F158   0  14 997 2       11 997 2      997 997 2      997  26 2      997***                                  
223114158 120  23  F158   0  15 997 2       12 997 2      997 997 2      997  29 2      997***                                  
213117158  90  23  F158   0  11 997 2        9 997 2      997 997 2      997  28 2      997***                                  
