12 0004                31060N122080E199703        0   0  0  0  0  01  02                                                        
220108997 997  03  F360   C  10 997 2        8 997 2      997 997 2      997  28 2      997***                                  
220111997 997  04U/F 23  45  14 997 2       12 997 2      997 997 2      997 998 2      997***                                  
220114997 997  03U/F 23  45  12 997 2       10 997 2      997 997 2      997  39 2      997***                                  
220117997 997  03F/U338  45  10 997 2        8 997 2      997 997 2      997  33 2      997***                                  
220208997 997  02  F360   C   9 997 2        7 997 2      997 997 2      997  23 2      997***                                  
220211997 997  02U/F 23  45  10 997 2        8 997 2      997 997 2      997  37 2      997***                                  
220214997 997  02U/F360  45  11 997 2        9 997 2      997 997 2      997  39 2      997***                                  
220217997 997  01U/F  C  45  11 997 2        9 997 2      997 997 2      997  43 2      997***                                  
220308997 997  02  F360   C   8 997 2        6 997 2      997 997 2      997  31 2      997***                                  
220311997 997  02  F360   0   5 997 2        4 997 2      997 997 2      997 998 2      997***                                  
220314997 997  02U/F 23  45   7 997 2        5 997 2      997 997 2      997  37 2      997***                                  
220317997 997  02U/F  C  90   7 997 2        5 997 2      997 997 2      997  42 2      997***                                  
220408997 997  02U/F  C 113   5 997 2        4 997 2      997 997 2      997 998 2      997***                                  
220411997 997  02  F158   C   5 997 2        4 997 2      997 997 2      997  22 2      997***                                  
220414997 997  03  F158   C   7 997 2        5 997 2      997 997 2      997  27 2      997***                                  
220417997 997  03  F135   C   7 997 2        5 997 2      997 997 2      997  25 2      997***                                  
220508997 997  03F/U158 135   8 997 2        6 997 2      997 997 2      997  27 2      997***                                  
220511997 997  03  F158   C   9 997 2        7 997 2      997 997 2      997  25 2      997***                                  
220514997 997  03F/U158 113  11 997 2        9 997 2      997 997 2      997  29 2      997***                                  
220517997 997  04F/U135 135  13 997 2       11 997 2      997 997 2      997 998 2      997***                                  
220600997 997  02F/U180 135   7 997 2        5 997 2      997 997 2      997  26 2      997***                                  
220608997 997  02F/U180 135   7 997 2        5 997 2      997 997 2      997  26 2      997***                                  
220611997 997  02U/F  C 113   6 997 2        4 997 2      997 997 2      997 998 2      997***                                  
220614997 997  01U/F  C  90   4 997 2        2 997 2      997 997 2      997  40 2      997***                                  
220617997 997  01U/F  C  90   3 997 2        1 997 2      997 997 2      997  48 2      997***                                  
220708997 997  01U/F  C 113   5 997 2        3 997 2      997 997 2      997  35 2      997***                                  
220711997 997  02F/U 68 113   6 997 2        4 997 2      997 997 2      997  21 2      997***                                  
220714997 997  02U/F 45  90   5 997 2        3 997 2      997 997 2      997  33 2      997***                                  
220717997 997  03F/U 90 113   9 997 2        7 997 2      997 997 2      997  29 2      997***                                  
220808997 997  02U/F  C  90   6 997 2        4 997 2      997 997 2      997  42 2      997***                                  
220811997 997  02U/F113  90   6 997 2        4 997 2      997 997 2      997  46 2      997***                                  
220814997 997  03F/U 90  90   7 997 2        5 997 2      997 997 2      997  26 2      997***                                  
220817997 997  03  F113   C   8 997 2        6 997 2      997 997 2      997  23 2      997***                                  
220908997 997  03  F258   C  10 997 2        7 997 2      997 997 2      997  26 2      997***                                  
220911997 997  03  F135   C  13 997 2       10 997 2      997 997 2      997  27 2      997***                                  
220914997 997  03  F158   C  13 997 2       10 997 2      997 997 2      997  24 2      997***                                  
220917997 997  03  F158   C  10 997 2        8 997 2      997 997 2      997  22 2      997***                                  
221008997 997  02U/F  C  90   6 997 2        4 997 2      997 997 2      997 998 2      997***                                  
221011997 997  02U/F  C 113   6 997 2        4 997 2      997 997 2      997  41 2      997***                                  
221014997 997  02U/F  C 113   6 997 2        4 997 2      997 997 2      997  39 2      997***                                  
221017997 997  03  F360   C   7 997 2        5 997 2      997 997 2      997  18 2      997***                                  
221108997 997  03F/U 45  68  14 997 2       11 997 2      997 997 2      997  33 2      997***                                  
221111997 997  03F/U 68  68  13 997 2       10 997 2      997 997 2      997 998 2      997***                                  
221114997 997  03F/U 90  90  11 997 2        8 997 2      997 997 2      997  31 2      997***                                  
221117997 997  03F/U 68  68  10 997 2        8 997 2      997 997 2      997  30 2      997***                                  
221208997 997  03F/U 90  90  12 997 2        9 997 2      997 997 2      997  32 2      997***                                  
221211997 997  03U/F 90  68  14 997 2       11 997 2      997 997 2      997  51 2      997***                                  
221214997 997  03U/F113  68  14 997 2       11 997 2      997 997 2      997  53 2      997***                                  
221217997 997  02U/F  C  68   6 997 2        4 997 2      997 997 2      997  55 2      997***                                  
221308997 997  02U/F360  68   6 997 2        4 997 2      997 997 2      997  54 2      997***                                  
221311997 997  03U/F  C  68   8 997 2        6 997 2      997 997 2      997 998 2      997***                                  
221314997 997  02U/F  C  68   6 997 2        4 997 2      997 997 2      997  50 2      997***                                  
221317997 997  02F/U 68  68   6 997 2        4 997 2      997 997 2      997  25 2      997***                                  
221408997 997  03  F270   C   7 997 2        5 997 2      997 997 2      997  22 2      997***                                  
221411997 997  03  F315   C   8 997 2        6 997 2      997 997 2      997  21 2      997***                                  
221414997 997  04  F315   C  12 997 2       10 997 2      997 997 2      997 998 2      997***                                  
221417997 997  05  F338   C  17 997 2       14 997 2      997 997 2      997 998 2      997***                                  
221508997 997  04  F315   C  12 997 2       10 997 2      997 997 2      997 998 2      997***                                  
221511997 997  04F/U315  45  13 997 2       11 997 2      997 997 2      997 998 2      997***                                  
221514997 997  04F/U338  45  14 997 2       12 997 2      997 997 2      997  39 2      997***                                  
221517997 997  04U/F338  45  14 997 2       12 997 2      997 997 2      997  43 2      997***                                  
221608997 997  04  F360   C  12 997 2       10 997 2      997 997 2      997  38 2      997***                                  
221611997 997  04F/U 23  45  12 997 2       10 997 2      997 997 2      997 998 2      997***                                  
221614997 997  04F/U360  45  13 997 2       11 997 2      997 997 2      997 998 2      997***                                  
221617997 997  04F/U360  45  12 997 2       10 997 2      997 997 2      997 998 2      997***                                  
221708997 997  03U/F360  45  12 997 2       10 997 2      997 997 2      997 998 2      997***                                  
221711997 997  03U/F338  45  13 997 2       11 997 2      997 997 2      997 998 2      997***                                  
221714997 997  03U/F360  45  15 997 2       13 997 2      997 997 2      997  57 2      997***                                  
221717997 997  03U/F338  45  13 997 2       11 997 2      997 997 2      997  49 2      997***                                  
221808997 997  02U/F 90  45  12 997 2       10 997 2      997 997 2      997 998 2      997***                                  
221811997 997  03U/F113  68  14 997 2       12 997 2      997 997 2      997  63 2      997***                                  
221814997 997  03U/F113  68  13 997 2       11 997 2      997 997 2      997  52 2      997***                                  
221817997 997  03U/F113  68  12 997 2       10 997 2      997 997 2      997  47 2      997***                                  
221908997 997  03F/U 45  45  11 997 2        9 997 2      997 997 2      997  39 2      997***                                  
221911997 997  03U/F 45  68  13 997 2       11 997 2      997 997 2      997 998 2      997***                                  
221914997 997  03U/F 23  68  12 997 2       10 997 2      997 997 2      997 998 2      997***                                  
221917997 997  03U/F 23  68  13 997 2       11 997 2      997 997 2      997  39 2      997***                                  
222008997 997  02  F360   C   8 997 2        6 997 2      997 997 2      997  29 2      997***                                  
222011997 997  03  F 23   C  10 997 2        8 997 2      997 997 2      997  31 2      997***                                  
222014997 997  03  F 23   C   9 997 2        7 997 2      997 997 2      997  27 2      997***                                  
222017997 997  02U/F 23  45  11 997 2        9 997 2      997 997 2      997  37 2      997***                                  
222108997 997  02U/F 23  68  12 997 2       10 997 2      997 997 2      997 998 2      997***                                  
222111997 997  02U/F 23  68  13 997 2       11 997 2      997 997 2      997  57 2      997***                                  
222114997 997  02U/F 45  68  11 997 2        9 997 2      997 997 2      997  44 2      997***                                  
222117997 997  02U/F 23  68  12 997 2       10 997 2      997 997 2      997  46 2      997***                                  
222208997 997  03F/U 23  68  10 997 2        8 970 2      997 997 2      997 998 2      997***                                  
222211997 997  03U/F 23  68  11 997 2        9 997 2      997 997 2      997 998 2      997***                                  
222214997 997  02  F360   C   7 997 2        6 997 2      997 997 2      997  31 2      997***                                  
222217997 997  02  F360   C   8 997 2        6 997 2      997 997 2      997  26 2      997***                                  
222308997 997  03  F 23   C  10 997 2        8 997 2      997 997 2      997  27 2      997***                                  
222311997 997  04  F 23   C  12 997 2       10 997 2      997 997 2      997  36 2      997***                                  
222314997 997  04F/U360  45  13 997 2       11 997 2      997 997 2      997 998 2      997***                                  
222317997 997  04  F360   C  13 997 2       11 997 2      997 997 2      997  32 2      997***                                  
222408997 997  03U/F 45  68  12 997 2       10 997 2      997 997 2      997 998 2      997***                                  
222411997 997  02U/F 68  68  11 997 2        9 997 2      997 997 2      997  39 2      997***                                  
222414997 997  02U/F 68  68  13 997 2       11 997 2      997 997 2      997  55 2      997***                                  
222417997 997  02U/F 68  68  10 997 2        8 997 2      997 997 2      997 998 2      997***                                  
222508997 997  02U/F113  68  10 997 2        8 997 2      997 997 2      997  37 2      997***                                  
222511997 997  02U/F135  68  10 997 2        8 997 2      997 997 2      997  42 2      997***                                  
222514997 997  02U/F135  90   9 997 2        7 997 2      997 997 2      997 998 2      997***                                  
222517997 997  01U/F  C   C   0 997 2        0 997 2      997 997 2      997   0 2      997***                                  
222608997 997  03  F338   C  13 997 2       10 997 2      997 997 2      997  24 2      997***                                  
222611997 997  03  F338   C  11 997 2        9 997 2      997 997 2      997  26 2      997***                                  
222614997 997  03F/U360  45   9 997 2        7 997 2      997 997 2      997  30 2      997***                                  
222617997 997  03F/U360  45   8 997 2        6 997 2      997 997 2      997 998 2      997***                                  
222708997 997  02U/F 68  68   6 997 2        4 997 2      997 997 2      997  44 2      997***                                  
222711997 997  02U/F  C  68   6 997 2        4 997 2      997 997 2      997  42 2      997***                                  
222714997 997  01U/F  C  90   4 997 2        2 997 2      997 997 2      997  55 2      997***                                  
222717997 997  02U/F 90  90   5 997 2        3 997 2      997 997 2      997  36 2      997***                                  
222808997 997  03  F158   C   7 997 2        5 997 2      997 997 2      997  23 2      997***                                  
222811997 997  03  F158   C   8 997 2        6 997 2      997 997 2      997 998 2      997***                                  
222814997 997  03F/U158 135   8 997 2        6 997 2      997 997 2      997  24 2      997***                                  
222817997 997  02  F158   C   6 997 2        4 997 2      997 997 2      997 998 2      997***                                  
222908997 997  02U/F  C  68   6 997 2        4 997 2      997 997 2      997  35 2      997***                                  
222911997 997  01U/F  C   C   0 997 2        0 997 2      997 997 2      997   0 2      997***                                  
222914997 997  01U/F  C  68   5 997 2        3 997 2      997 997 2      997  42 2      997***                                  
222917997 997  02U/F  C  68   5 997 2        3 997 2      997 997 2      997  42 2      997***                                  
223008997 997  04F/U 45  45  13 997 2       10 997 2      997 997 2      997  28 2      997***                                  
223011997 997  04F/U 45  45  13 997 2       10 997 2      997 997 2      997 998 2      997***                                  
223014997 997  04F/U 45  45  11 997 2        9 997 2      997 997 2      997  25 2      997***                                  
223017997 997  03U/F 45  45   9 997 2        7 997 2      997 997 2      997  40 2      997***                                  
223108997 997  03F/U113 113   9 997 2        7 997 2      997 997 2      997  29 2      997***                                  
223111997 997  03F/U113 113  11 997 2        9 997 2      997 997 2      997  30 2      997***                                  
223114997 997  04F/U113 113  12 997 2       10 997 2      997 997 2      997  26 2      997***                                  
213117997 997  04F/U135 135  13 997 2       10 997 2      997 997 2      997  23 2      997***                                  
