12 0004                31060N122080E199707        0   0  0  0  0  01  02                                                        
220108158  70  23F/U158 135   9 997 2        7 997 2      997 997 2      997  30 2      997***                                  
220111158  80  23F/U158 135  10 997 2        8 997 2      997 997 2      997  28 2      997***                                  
220114180  60  23  F180   0   8 997 2        6 997 2      997 997 2      997  28 2      997***                                  
220117180  60  23  F180   0   8 997 2        6 997 2      997 997 2      997  27 2      997***                                  
220208180  50  23U/F180 135   7 997 2        5 997 2      997 997 2      997  27 2      997***                                  
220211158  70  23  F158   0   9 997 2        7 997 2      997 997 2      997  28 2      997***                                  
220214180  70  23  F180   0  10 997 2        8 997 2      997 997 2      997  29 2      997***                                  
220217158  90  24F/U158 135  13 997 2       10 997 2      997 997 2      997  28 2      997***                                  
220308158 150  24  F158   0  15 997 2       12 997 2      997 997 2      997 998 2      997***                                  
220311158 160  25  F158   0  14 997 2       12 997 2      997 997 2      997 998 2      997***                                  
220314158 130  24  F158   0  14 997 2       12 997 2      997 997 2      997 998 2      997***                                  
220317158 160  25  F158   0  16 997 2       13 997 2      997 997 2      997  28 2      997***                                  
220408158 120  24F/U158 135  13 997 2       11 997 2      997 997 2      997 998 2      997***                                  
220411180 110  23U/F180 135  13 997 2       10 997 2      997 997 2      997 998 2      997***                                  
220414203 100  23U/F203 135  11 997 2        9 997 2      997 997 2      997 998 2      997***                                  
220417203 100  23F/U203 135  11 997 2        9 997 2      997 997 2      997  26 2      997***                                  
220508158  80  23F/U158 135  10 997 2        8 997 2      997 997 2      997 998 2      997***                                  
220511158  90  23F/U158 135  10 997 2        8 997 2      997 997 2      997  26 2      997***                                  
220514180  80  23F/U158 135   9 997 2        7 997 2      997 997 2      997  30 2      997***                                  
220517180  80  23F/U158 135  10 997 2        8 997 2      997 997 2      997 998 2      997***                                  
220608225  60  23U/F225 135   8 997 2        6 997 2      997 997 2      997  35 2      997***                                  
220611338  60  23U/F338 135   9 997 2        7 997 2      997 997 2      997 998 2      997***                                  
220614 45  90  23F/U 45  68  11 997 2        9 997 2      997 997 2      997  28 2      997***                                  
220617 45  80  23F/U 45  68  10 997 2        8 997 2      997 997 2      997  25 2      997***                                  
220708 68  50  22U/F 68  90   7 997 2        5 997 2      997 997 2      997  37 2      997***                                  
220711 68  60  22U/F 68  90   7 997 2        5 997 2      997 997 2      997 998 2      997***                                  
220714113  80  23U/F113 113   9 997 2        7 997 2      997 997 2      997 998 2      997***                                  
220717113  80  23U/F113 135   9 997 2        7 997 2      997 997 2      997  40 2      997***                                  
220808 90  90  23F/U 90 113  11 997 2        9 997 2      997 997 2      997  26 2      997***                                  
220811 90 100  23F/U 90 113  12 997 2       10 997 2      997 997 2      997 998 2      997***                                  
220814 90  80  23F/U 90 113  11 997 2        9 997 2      997 997 2      997  29 2      997***                                  
220817 90  90  23U/F 90 113  11 997 2        9 997 2      997 997 2      997  34 2      997***                                  
220908 45  90  23F/U 45  68  13 997 2       11 997 2      997 997 2      997  29 2      997***                                  
220911 44 100  23F/U 45  68  15 997 2       12 997 2      997 997 2      997 998 2      997***                                  
220914 45  70  23F/U 45  68  10 997 2        8 997 2      997 997 2      997  30 2      997***                                  
220917 45  80  23F/U 45  68  10 997 2        8 997 2      997 997 2      997  29 2      997***                                  
221008135  30  22U/F113 135   5 997 2        3 997 2      997 997 2      997  50 2      997***                                  
221011 68 110  23F/U 68  90  12 997 2       10 997 2      997 997 2      997  25 2      997***                                  
221014113 160  24  F113   0  16 997 2       14 997 2      997 997 2      997 998 2      997***                                  
221017203  70  23U/F203 158  10 997 2        8 997 2      997 997 2      997 998 2      997***                                  
221108270  70  23  F270   0   8 997 2        6 997 2      997 997 2      997  24 2      997***                                  
221111315  60  23  F315   0   8 997 2        6 997 2      997 997 2      997  22 2      997***                                  
221114360  60  22  F360   0   7 997 2        5 997 2      997 997 2      997  24 2      997***                                  
221117 23  50  22U/F 23  45   7 997 2        5 997 2      997 997 2      997 998 2      997***                                  
221200  0   0  0      0   0   0   0          0   0          0   0          0   0          0                                     
221208135  30  22U/F135 135   4 997 2        2 997 2      997 997 2      997  41 2      997***                                  
221211225  30  22  F225   0   5 997 2        3 997 2      997 997 2      997  29 2      997***                                  
221214225  30  22U/F225 135   5 997 2        3 997 2      997 997 2      997  43 2      997***                                  
221217180  40  22U/F180 135   6 997 2        4 997 2      997 997 2      997  38 2      997***                                  
221308180  30  22U/F180 135   6 997 2        4 997 2      997 997 2      997 998 2      997***                                  
221311997 997  27997997 997 997 997 2      997 997 2      997 997 2      997 997 2      997***                                  
221314135  20  21U/F  0  90  10 997 2        8 997 2      997 997 2      997 998 2      997***                                  
221317 90  10  21U/F  0  90   9 997 2        7 997 2      997 997 2      997 998 2      997***                                  
221408180  40  22U/F180  90  11 997 2        9 997 2      997 997 2      997  51 2      997***                                  
221411180  40  22U/F180  68  10 997 2        8 997 2      997 997 2      997  54 2      997***                                  
221414158  50  22U/F158  68  12 997 2       10 997 2      997 997 2      997 998 2      997***                                  
221417158  40  22U/F158 113  13 997 2       11 997 2      997 997 2      997  49 2      997***                                  
221508180  80  23F/U180 113  10 997 2        8 997 2      997 997 2      997  32 2      997***                                  
221511203  60  22  F203   0   8 997 2        6 997 2      997 997 2      997  30 2      997***                                  
221514180  30  21U/F  0 113  11 997 2        9 997 2      997 997 2      997  45 2      997***                                  
221517180  60  22U/F180 113  12 997 2       10 997 2      997 997 2      997 998 2      997***                                  
221608203  50  22U/F203 135  11 997 2        9 997 2      997 997 2      997  45 2      997***                                  
221611225  60  22U/F225 135  10 997 2        8 997 2      997 997 2      997 998 2      997***                                  
221614203  60  22F/U203 135   9 997 2        7 997 2      997 997 2      997  34 2      997***                                  
221617225  20  21U/F  0 135  11 997 2        9 997 2      997 997 2      997 998 2      997***                                  
221708113  60  23U/F113 113  11 997 2        9 997 2      997 997 2      997  47 2      997***                                  
221711 90  70  23  F 90   0   9 997 2        7 997 2      997 997 2      997  34 2      997***                                  
221714 90  70  24U/F 90  90  14 997 2       12 997 2      997 997 2      997  50 2      997***                                  
221717113  80  23F/U113  90  11 997 2        9 997 2      997 997 2      997  32 2      997***                                  
221808113  20  21U/F  0 113   9 997 2        7 997 2      997 997 2      997  39 2      997***                                  
221811  0   0  21U/F  0 113  10 997 2        8 997 2      997 997 2      997  49 2      997***                                  
221814 68  70  23F/U 68 113  10 997 2        8 997 2      997 997 2      997  32 2      997***                                  
221817113  80  23F/U113 135  10 997 2        8 997 2      997 997 2      997  29 2      997***                                  
221908180  50  22U/F180 113  11 997 2        9 997 2      997 997 2      997 998 2      997***                                  
221911158  30  21U/F  0 113  10 997 2        8 997 2      997 997 2      997  45 2      997***                                  
221914158  50  22  F158   0   6 997 2        5 997 2      997 997 2      997  30 2      997***                                  
221917158  60  22  F158   0   8 997 2        6 997 2      997 997 2      997  36 2      997***                                  
222008180  60  22U/F180 113  11 997 2        9 997 2      997 997 2      997 998 2      997***                                  
222011158  70  23U/F158 113  12 997 2       10 997 2      997 997 2      997  39 2      997***                                  
222014158  60  23U/F158 113  11 997 2        9 997 2      997 997 2      997 998 2      997***                                  
222017158  60  22  F158   0   9 997 2        7 997 2      997 997 2      997  42 2      997***                                  
222108158  80  24U/F158 113  13 997 2       11 997 2      997 997 2      997 998 2      997***                                  
222111158  90  23F/U158 113  11 997 2        9 997 2      997 997 2      997  29 2      997***                                  
222114158  90  23F/U158 113  12 997 2       10 997 2      997 997 2      997 998 2      997***                                  
222117158 100  24U/F158 113  15 997 2       13 997 2      997 997 2      997  57 2      997***                                  
222208135  60  22U/F135 113  11 997 2        9 997 2      997 997 2      997  43 2      997***                                  
222211135  40  22U/F135 113  10 997 2        8 997 2      997 997 2      997 998 2      997***                                  
222214 90  60  23U/F 90 113  10 997 2        8 997 2      997 997 2      993  37 2      997***                                  
222217113  70  23U/F113 113  12 997 2       10 997 2      997 997 2      997  44 2      997***                                  
222308113  80  23F/U113  90  11 997 2        9 997 2      997 997 2      997 998 2      997***                                  
222311113  60  23U/F113  90  13 997 2       11 997 2      997 997 2      997 998 2      997***                                  
222314 90  80  23F/U 90  90  11 997 2        9 997 2      997 997 2      997 998 2      997***                                  
222317 90  50  22U/F 90  90  10 997 2        8 997 2      997 997 2      997  44 2      997***                                  
222408 90  30  22U/F 90  90   9 997 2        7 997 2      997 997 2      997  53 2      997***                                  
222411 90  30  22U/F 90 113  13 997 2       11 997 2      997 997 2      997 998 2      997***                                  
222414 68  40  22U/F 68  68   7 997 2        5 997 2      997 997 2      997  38 2      997***                                  
222417 68  30  22U/F 68  68   7 997 2        5 997 2      997 997 2      997  36 2      997***                                  
222508 23  40  23F/U 23  45   7 997 2        5 997 2      997 997 2      997  29 2      997***                                  
222511360  50  23F/U 23  45   8 997 2        6 997 2      997 997 2      997  38 2      997***                                  
222514360  60  23  F360   0   8 997 2        6 997 2      997 997 2      997  27 2      997***                                  
222517360  60  23  F360   0   9 997 2        7 997 2      997 997 2      997 998 2      997***                                  
222608360  30  22U/F  0  68   6 997 2        4 997 2      997 997 2      997  42 2      997***                                  
222611360  40  22U/F360  68   7 997 2        5 997 2      997 997 2      997  57 2      997***                                  
222614360  40  22U/F 23  68   7 997 2        5 997 2      997 997 2      997  44 2      997***                                  
222617 45  30  22U/F 45  68   6 997 2        4 997 2      997 997 2      997  58 2      997***                                  
222708248  40  22  F248   0   4 997 2        3 997 2      997 997 2      997  29 2      997***                                  
222711293  30  22  F293   0   4 997 2        3 997 2      997 997 2      997  28 2      997***                                  
222714 45  20  22U/F  0  90   6 997 2        4 997 2      997 997 2      997  51 2      997***                                  
222717135  30  22U/F  0 113   6 997 2        4 997 2      997 997 2      997  40 2      997***                                  
222808180  10  21U/F  0   0   0 997 2        0 997 2      997 997 2      997   0 2      997***                                  
222811 68  30  22U/F 68  90   6 997 2        4 997 2      997 997 2      997  51 2      997***                                  
222814 90  50  23F/U 90  90   7 997 2        5 997 2      997 997 2      997 998 2      997***                                  
222817135  70  23  F135   0   8 997 2        6 997 2      997 997 2      997  25 2      997***                                  
222908180  50  23  F180   0   7 997 2        5 997 2      997 997 2      997  29 2      997***                                  
222911158  20  22U/F135 113   6 997 2        4 997 2      997 997 2      997  31 2      997***                                  
222914113  30  22U/F113 113   6 997 2        4 997 2      997 997 2      997  36 2      997***                                  
222917135  80  23  F135   0  11 997 2        8 997 2      997 997 2      997  29 2      997***                                  
223008180  50  23  F180   0   7 997 2        5 997 2      997 997 2      997  29 2      997***                                  
223011158  50  23  F158   0   7 997 2        5 997 2      997 997 2      997  26 2      997***                                  
223014135  50  23  F135   0   7 997 2        5 997 2      997 997 2      997  29 2      997***                                  
223017135  50  23F/U135 113   8 997 2        6 997 2      997 997 2      997 998 2      997***                                  
223108158 100  23  F158   0  13 997 2       10 997 2      997 997 2      997  27 2      997***                                  
223111158 100  24  F158   0  14 997 2       11 997 2      997 997 2      997 998 2      997***                                  
223114158 100  23F/U158 135  14 997 2       11 997 2      997 997 2      997  33 2      997***                                  
213117135 100  24F/U135 135  15 997 2       12 997 2      997 997 2      997  31 2      997***                                  
