12 0004                31060N122080E199705        0   0  0  0  0  01  02                                                        
220108135  50  22U/F135 113   7 997 2        5 997 2      997 997 2      997 998 2      997***                                  
220111135  70  23F/U135  90   9 997 2        7 997 2      997 997 2      997  26 2      997***                                  
220114113  80  23F/U113  90  11 997 2        9 997 2      997 997 2      997  30 2      997***                                  
220117135 100  24F/U135  90  12 997 2       10 997 2      997 997 2      997  27 2      997***                                  
220208158  40  22U/F158 135   8 997 2        6 997 2      997 997 2      997  46 2      997***                                  
220211  0   0  22U/F  C 135   6 997 2        4 997 2      997 997 2      997  36 2      997***                                  
220214 45  20  21U/F  C  68   5 997 2        3 997 2      997 997 2      997  50 2      997***                                  
220217 45  80  23U/F 45  68   9 997 2        7 997 2      997 997 2      997  46 2      997***                                  
220308 90  40  22U/F 90  68   5 997 2        3 997 2      997 997 2      997  49 2      997***                                  
220311158  40  22U/F158 113   5 997 2        3 997 2      997 997 2      997  42 2      997***                                  
220314158  40  23F/U158 113   7 997 2        5 997 2      997 997 2      997  29 2      997***                                  
220317135  50  23F/U135 113   7 997 2        5 997 2      997 997 2      997 998 2      997***                                  
220408180  50  22U/F180 135   8 997 2        6 997 2      997 997 2      997  33 2      997***                                  
220411203  40  22U/F203 135   7 997 2        5 997 2      997 997 2      997  42 2      997***                                  
220414180  40  22U/F180 135   7 997 2        5 997 2      997 997 2      997  32 2      997***                                  
220417135  40  22U/F135 113   6 997 2        4 997 2      997 997 2      997  32 2      997***                                  
220508135  70  23U/F135 113  10 997 2        8 997 2      997 997 2      997 998 2      997***                                  
220511158  50  23U/F158 135   9 997 2        7 997 2      997 997 2      997  33 2      997***                                  
220514158  50  23F/U158 135   9 997 2        7 997 2      997 997 2      997  28 2      997***                                  
220517135  80  23F/U135 135  10 997 2        8 997 2      997 997 2      997  28 2      997***                                  
220608158  90  23U/F158 135  12 997 2       10 997 2      997 997 2      997 998 2      997***                                  
220611180  80  23F/U158 135  10 997 2        8 997 2      997 997 2      997  22 2      997***                                  
220614158  80  23F/U158 135  10 997 2        8 997 2      997 997 2      997 998 2      997***                                  
220617180  70  23F/U180 135   9 997 2        7 997 2      997 997 2      997  24 2      997***                                  
220708180 100  23F/U158 135  13 997 2       10 997 2      997 997 2      997  29 2      997***                                  
220711180 130  24F/U158 135  15 997 2       12 997 2      997 997 2      997  27 2      997***                                  
220714158 120  24F/U158 135  15 997 2       12 997 2      997 997 2      997 998 2      997***                                  
220717180 120  24F/U158 135  15 997 2       12 997 2      997 997 2      997  29 2      997***                                  
220808360 130  24  F360   C  15 997 2       12 997 2      997 997 2      997  26 2      997***                                  
220811360 130  24  F360   C  15 997 2       13 997 2      997 997 2      997 998 2      997***                                  
220814360 120  24  F338   C  15 997 2       13 997 2      997 997 2      997  25 2      997***                                  
220817360 120  24  F360   C  15 997 2       13 997 2      997 997 2      997  25 2      997***                                  
220908 23  30  22U/F 23  23   9 997 2        7 997 2      997 997 2      997  40 2      997***                                  
220911 90  10  22U/F  C  90   7 997 2        5 997 2      997 997 2      997  42 2      997***                                  
220914 90  10  22U/F  C  68   6 997 2        4 997 2      997 997 2      997  38 2      997***                                  
220917135  40  22F/U135 113   6 997 2        4 997 2      997 997 2      997  31 2      997***                                  
221008158 110  24F/U158 113  16 997 2       13 997 2      997 997 2      997  31 2      997***                                  
221011158 130  24F/U158 113  18 997 2       15 997 2      997 997 2      997  31 2      997***                                  
221014158 100  24F/U158 113  16 997 2       13 997 2      997 997 2      997  28 2      997***                                  
221017158  90  23  F158   C  13 997 2       11 997 2      997 997 2      997  24 2      997***                                  
221108158  20  22U/F  C 113   6 997 2        4 997 2      997 997 2      997  40 2      997***                                  
221111113  30  22U/F  C 113   8 997 2        6 997 2      997 997 2      997  40 2      997***                                  
221114 90  10  22U/F  C  90   6 997 2        4 997 2      997 997 2      997  41 2      997***                                  
221117135  30  22U/F135 113   6 997 2        4 997 2      997 997 2      997  37 2      997***                                  
221208135  20  22U/F  C 113   6 997 2        4 997 2      997 997 2      997  46 2      997***                                  
221211158  50  23F/U158 113   7 997 2        5 997 2      997 997 2      997  33 2      997***                                  
221214135  60  23  F135   C   8 997 2        6 997 2      997 997 2      997  28 2      997***                                  
221217135  70  23  F135   C   9 997 2        7 997 2      997 997 2      997 998 2      997***                                  
221308203  80  23  F203   C   7 997 2        5 997 2      997 997 2      997  25 2      997***                                  
221311203  40  22  F203   C   6 997 2        4 997 2      997 997 2      997  26 2      997***                                  
221314180  50  22  F180   C   6 997 2        4 997 2      997 997 2      997  27 2      997***                                  
221317180  60  23  F180   C   7 997 2        5 997 2      997 997 2      997  29 2      997***                                  
221408158  60  23  F158   C   7 997 2        5 997 2      997 997 2      997  29 2      997***                                  
221411180  30  22  F180   C   5 997 2        4 997 2      997 997 2      997  27 2      997***                                  
221414180  40  22F/U180 158   6 997 2        4 997 2      997 997 2      997  32 2      997***                                  
221417180  50  23  F180   C   6 997 2        5 997 2      997 997 2      997  23 2      997***                                  
221508225  30  22U/F  C 113   6 997 2        4 997 2      997 997 2      997  51 2      997***                                  
221511225  20  21U/F  C   C   0 997 2        0 997 2      997 997 2      997   0 2      997***                                  
221514  0   0  21U/F  C   C   0 997 2        0 997 2      997 997 2      997   0 2      997***                                  
221517180  10  21U/F  C   C   0 997 2        0 997 2      997 997 2      997   0 2      997***                                  
221608225  20  22U/F  C 113   5 997 2        3 997 2      997 997 2      997  45 2      997***                                  
221611 23  90  23  F 23   C  13 997 2       10 997 2      997 997 2      997  29 2      997***                                  
221614360 110  24  F360   C  15 997 2       12 997 2      997 997 2      997  27 2      997***                                  
221617360 110  24  F360   C  16 997 2       13 997 2      997 997 2      997  28 2      997***                                  
221708  0   0  21U/F  C   C   0 997 2        0 997 2      997 997 2      997   0 2      997***                                  
221711158  20  21U/F  C   C   0 997 2        0 997 2      997 997 2      997   0 2      997***                                  
221714180  30  22  F180   C   4 997 2        3 997 2      997 997 2      997  26 2      997***                                  
221717158  50  23  F158   C   6 997 2        5 997 2      997 997 2      997 998 2      997***                                  
221808158  40  22  F158   C   6 997 2        4 997 2      997 997 2      997  25 2      997***                                  
221811180  50  23  F180   C   6 997 2        5 997 2      997 997 2      997  27 2      997***                                  
221814180  30  22  F180   C   5 997 2        4 997 2      997 997 2      997  25 2      997***                                  
221817180  40  22  F180   C   7 997 2        4 997 2      997 997 2      997  26 2      997***                                  
221908338  70  23  F338   C   9 997 2        7 997 2      997 997 2      997  26 2      997***                                  
221911360  80  23  F360   C  11 997 2        8 997 2      997 997 2      997 998 2      997***                                  
221914 23  60  22  F 23   C   8 997 2        6 997 2      997 997 2      997  33 2      997***                                  
221917360  60  22U/F360  45  10 997 2        8 997 2      997 997 2      997  41 2      997***                                  
222008338  80  23  F338   C  10 997 2        8 997 2      997 997 2      997 998 2      997***                                  
222011360  70  22  F360   C   9 997 2        7 997 2      997 997 2      997  29 2      997***                                  
222014 23  80  23  F 23   C  10 997 2        8 997 2      997 997 2      997  31 2      997***                                  
222017 23  70  22  F 23   C   9 997 2        7 997 2      997 997 2      997  31 2      997***                                  
222108  0   0  21U/F  C  45  10 997 2        8 997 2      997 997 2      997 998 2      997***                                  
222111180  30  22U/F180  45   9 997 2        7 997 2      997 997 2      997  41 2      997***                                  
222114180  30  21U/F  C  45  10 997 2        8 997 2      997 997 2      997 998 2      997***                                  
222117113  50  22  F113   C   7 997 2        5 997 2      997 997 2      997  30 2      997***                                  
222208 90  70  22  F 90   C   8 997 2        6 997 2      997 997 2      997  21 2      997***                                  
222211 90  70  22  F 90   C   8 997 2        6 997 2      997 997 2      997 998 2      997***                                  
222214 90  80  23  F 90   C  10 997 2        8 997 2      997 997 2      997  37 2      997***                                  
222217 90  80  23  F 90   C  10 997 2        8 997 2      997 997 2      997  38 2      997***                                  
222308 90  20  21U/F  C  90   9 997 2        7 997 2      997 997 2      997 998 2      997***                                  
222311135  30  21U/F  C  90   9 997 2        7 997 2      997 997 2      997  41 2      997***                                  
222314225  30  21U/F  C  90   8 997 2        6 997 2      997 997 2      997 998 2      997***                                  
222317180  40  22U/F180  90   9 997 2        7 997 2      997 997 2      997  46 2      997***                                  
222408360 130  24  F360   C  14 997 2       12 997 2      997 997 2      997  38 2      997***                                  
222411360 110  24F/U360  45  12 997 2       10 997 2      997 997 2      997  39 2      997***                                  
222414360 110  24F/U360  45  12 997 2       10 997 2      997 997 2      997 998 2      997***                                  
222417360  80  23  F360   C  10 997 2        8 997 2      997 997 2      997 998 2      997***                                  
222508203  70  22  F203   C   8 997 2        6 997 2      997 997 2      997  37 2      997***                                  
222511203  80  23  F203   C  10 997 2        8 997 2      997 997 2      997 998 2      997***                                  
222514203  60  22  F203   C   8 997 2        6 997 2      997 997 2      997  24 2      997***                                  
222517180  80  23  F180   C  10 997 2        8 997 2      997 997 2      997 998 2      997***                                  
222608225  60  22  F225   C   8 997 2        6 997 2      997 997 2      997  31 2      997***                                  
222611203  70  22  F203   C   9 997 2        7 997 2      997 997 2      997  32 2      997***                                  
222614998 998  2 +++998 998 998 997 2      998 997 2      997 997 2      997 998 2      997***                                  
222617998 998  2 +++998 998 998 997 2      998 997 2      997 997 2      997 998 2      997***                                  
222708998 998  2 +++998 998 998 997 2      998 997 2      997 997 2      997 998 2      997***                                  
222711998 998  2 +++998 998 998 997 2      998 997 2      997 997 2      997 998 2      997***                                  
222714998 998  2 +++998 998 998 997 2      998 997 2      997 997 2      997 998 2      997***                                  
222717998 998  2 +++998 998 998 997 2      998 997 2      997 997 2      997 998 2      997***                                  
222808135  50  22F/U135 113   6 997 2        4 997 2      997 997 2      997  23 2      997***                                  
222811135  70  23F/U135 113   8 997 2        6 997 2      997 997 2      997  25 2      997***                                  
222814113  70  23U/F113  90   9 997 2        7 997 2      997 997 2      997 998 2      997***                                  
222817 90  50  22U/F 90  90   8 997 2        6 997 2      997 997 2      997  31 2      997***                                  
222908 45  40  22U/F 45  68   7 997 2        5 997 2      997 997 2      997  44 2      997***                                  
222911 23  60  23F/U 23  45   8 997 2        6 997 2      997 997 2      997  25 2      997***                                  
222914 23  50  23F/U 23  45   8 997 2        6 997 2      997 997 2      997 998 2      997***                                  
222917 68  70  23U/F 68  90   9 997 2        7 997 2      997 997 2      997  38 2      997***                                  
223008180  80  23U/F180 135  10 997 2        8 997 2      997 997 2      997 998 2      997***                                  
223011270  90  24  F270   C  12 997 2       10 997 2      997 997 2      997 998 2      997***                                  
223014315  50  23U/F315  68  13 997 2       11 997 2      997 997 2      997  53 2      997***                                  
223017 68  40  23U/F 68  90  12 997 2       10 997 2      997 997 2      997  57 2      997***                                  
223118203  50  23U/F203 135  10 997 2        8 997 2      997 997 2      997  40 2      997***                                  
223119203  70  23F/U203 135   9 997 2        7 997 2      997 997 2      997  24 2      997***                                  
223120203  50  23  F203   C   8 997 2        6 997 2      997 997 2      997  23 2      997***                                  
213121158  60  23U/F158 113   9 997 2        7 997 2      997 997 2      997 998 2      997***                                  
