12 0004                31060N122080E199704        0   0  0  0  0  01  02                                                        
220108158  80  14  F158   C  11 997 2        9 997 2      997 997 2      997 998 2      997***                                  
220111158  90  14F/U158 135  13 997 2       10 997 2      997 997 2      997  24 2      997***                                  
220114158 100  14  F158   C  13 997 2       10 997 2      997 997 2      997 998 2      997***                                  
220117158 120  14F/U158 135  15 997 2       12 997 2      997 997 2      997  26 2      997***                                  
220208135  70  13U/F135 135   9 997 2        7 997 2      997 997 2      997  36 2      997***                                  
220211158  60  13U/F158 135   9 997 2        7 997 2      997 997 2      997  37 2      997***                                  
220214203  30  12U/F203 135   7 997 2        5 997 2      997 997 2      997  34 2      997***                                  
220217203  20  11U/F  C 135   5 997 2        3 997 2      997 997 2      997  41 2      997***                                  
220308 23  80  13F/U 23  45  11 997 2        9 997 2      997 997 2      997  25 2      997***                                  
220311 23  70  13F/U 23  45  10 997 2        8 997 2      997 997 2      997  26 2      997***                                  
220314 23  80  13F/U 23  45  11 997 2        9 997 2      997 997 2      997 998 2      997***                                  
220317 23  80  13F/U 23  45  11 997 2        9 997 2      997 997 2      997 998 2      997***                                  
220408360  70  13  F360   C  10 997 2        8 997 2      997 997 2      997  26 2      997***                                  
220411360  90  13  F360   C  11 997 2        9 997 2      997 997 2      997 998 2      997***                                  
220414315 100  14  F315   C  13 997 2       10 997 2      997 997 2      997  26 2      997***                                  
220417338 100  14  F338   C  13 997 2       10 997 2      997 997 2      997  22 2      997***                                  
220508338  50  13  F338   C   8 997 2        6 997 2      997 997 2      997  26 2      997***                                  
220511315  70  13  F315   C   9 997 2        7 997 2      997 997 2      997 998 2      997***                                  
220514315  60  13  F315   C   7 997 2        5 997 2      997 997 2      997  26 2      997***                                  
220517360  40  13U/F360  23   7 997 2        5 997 2      997 997 2      997  31 2      997***                                  
220608293  20  12U/F  C  90   6 997 2        4 997 2      997 997 2      997 998 2      997***                                  
220611203  40  12F/U225  90   5 997 2        4 997 2      997 997 2      997  27 2      997***                                  
220614203  60  13  F203   C   7 997 2        5 997 2      997 997 2      997  28 2      997***                                  
220617180  30  12  F180   C   4 997 2        3 997 2      997 997 2      997  23 2      997***                                  
220708 68  30  11U/F  C  68   5 997 2        4 997 2      997 997 2      997  34 2      997***                                  
220711113  40  12U/F113 113   6 997 2        4 997 2      997 997 2      997  32 2      997***                                  
220714135  40  12U/F135 113   6 997 2        4 997 2      997 997 2      997 998 2      997***                                  
220717113  50  13F/U113  90   7 997 2        5 997 2      997 997 2      997  30 2      997***                                  
220808135  20  12U/F  0 113   5 997 2        4 997 2      997 997 2      997 998 2      997***                                  
220811203  40  12F/U225 113   6 997 2        4 997 2      997 997 2      997  30 2      997***                                  
220814225  50  13  F225   C   6 997 2        5 997 2      997 997 2      997  23 2      997***                                  
220817338  70  13  F338   C   8 997 2        6 997 2      997 997 2      997  22 2      997***                                  
220908338 110  14  F338   C  15 997 2       12 997 2      997 997 2      997 998 2      997***                                  
220911338  70  13  F338   C  10 997 2        8 997 2      997 997 2      997  28 2      997***                                  
220914338  60  13  F338   C   9 997 2        7 997 2      997 997 2      997  28 2      997***                                  
220917338  60  13  F338   C   8 997 2        6 997 2      997 997 2      997  28 2      997***                                  
221008248  10  11U/F  C   C   0 997 2        0 997 2      997 997 2      997   0 2      997***                                  
221011248  30  12  F248   C   4 997 2        3 997 2      997 997 2      997 998 2      997***                                  
221014203  40  12  F203   C   4 997 2        3 997 2      997 997 2      997  28 2      997***                                  
221017203  50  12  F203   C   5 997 2        4 997 2      997 997 2      997 998 2      997***                                  
221108225  40  12  F225   C   4 997 2        3 997 2      997 997 2      997  27 2      997***                                  
221111225  30  12U/F  C  68   6 997 2        4 997 2      997 997 2      997  38 2      997***                                  
221114203  40  12  F225   C   4 997 2        3 997 2      997 997 2      997  28 2      997***                                  
221117315  50  12U/F  C  90   5 997 2        4 997 2      997 997 2      997  49 2      997***                                  
221208248  40  12U/F  C  90   6 997 2        4 997 2      997 997 2      997  51 2      997***                                  
221211203  30  12U/F  0 113   5 997 2        4 997 2      997 997 2      997  32 2      997***                                  
221214180  30  12U/F  0 135   5 997 2        4 997 2      997 997 2      997  35 2      997***                                  
221217135  40  12U/F135 135   5 997 2        4 997 2      997 997 2      997 998 2      997***                                  
221308180  70  13  F180   C   9 997 2        7 997 2      997 997 2      997  27 2      997***                                  
221311180  20  12U/F  0 113   6 997 2        4 997 2      997 997 2      997  32 2      997***                                  
221314135  30  12U/F  0 135   6 997 2        4 997 2      997 997 2      997  33 2      997***                                  
221317135  60  13  F135   C   8 997 2        6 997 2      997 997 2      997  25 2      997***                                  
221408 90  20  12U/F  C  90   6 997 2        4 997 2      997 997 2      997  41 2      997***                                  
221411113  50  13F/U113  90   7 997 2        5 997 2      997 997 2      997  34 2      997***                                  
221414 68  40  12  F 68   C   6 997 2        4 997 2      997 997 2      997  25 2      997***                                  
221417 68  60  13  F 68   C   8 997 2        6 997 2      997 997 2      997  28 2      997***                                  
221508 23  40  13U/F 23  68   7 997 2        5 997 2      997 997 2      997  38 2      997***                                  
221511338  50  13  F338   C   7 997 2        5 997 2      997 997 2      997  28 2      997***                                  
221514338  50  13  F338   C   7 997 2        5 997 2      997 997 2      997  29 2      997***                                  
221517360  60  13  F360   C   8 997 2        6 997 2      997 997 2      997  28 2      997***                                  
221608113  40  12U/F113 113   7 997 2        5 997 2      997 997 2      997 998 2      997***                                  
221611 90  40  12U/F  C  90   6 997 2        4 997 2      997 997 2      997  34 2      997***                                  
221614135  30  12U/F135  90  14 997 2       12 997 2      997 997 2      997  59 2      997***                                  
221617113  60  12U/F113  90  13 997 2       11 997 2      997 997 2      997  54 2      997***                                  
221708158  70  13U/F158  90  12 997 2       10 997 2      997 997 2      997  55 2      997***                                  
221711135  90  13F/U135  90  12 997 2       10 997 2      997 997 2      997  36 2      997***                                  
221714135 100  13F/U135  90  12 997 2       10 997 2      997 997 2      997  36 2      997***                                  
221717135 110  14F/U135  90  14 997 2       12 997 2      997 997 2      997 998 2      997***                                  
221808 23 100  13F/U 23  90  12 997 2       10 997 2      997 997 2      997  39 2      997990                                  
221811 23 100  13U/F 23  45  14 997 2       12 997 2      997 997 2      997 998 2      997***                                  
221814 23 110  13F/U 23  45  13 997 2       11 997 2      997 997 2      997  46 2      997***                                  
221817 23 110  13F/U 23  45  12 997 2       10 997 2      997 997 2      997  36 2      997***                                  
221908 68  40  12U/F 68  68  11 997 2        9 997 2      997 997 2      997  42 2      997***                                  
221911 45  40  12U/F 45  68  10 997 2        8 997 2      997 997 2      997  48 2      997***                                  
221914 45  50  12U/F 45  68  11 997 2        9 997 2      997 997 2      997  55 2      997***                                  
221917 68  60  12U/F 68  68  12 997 2       10 997 2      997 997 2      997  44 2      997***                                  
222008113  80  13  F113   C  10 997 2        8 997 2      997 997 2      997  38 2      997***                                  
222011113  70  13U/F113  90  12 997 2       10 997 2      997 997 2      997 998 2      997***                                  
222014135  70  13U/F135  90  12 997 2       10 997 2      997 997 2      997  42 2      997***                                  
222017135  80  13U/F135  90  14 997 2       12 997 2      997 997 2      997  43 2      997***                                  
222108338  50  12U/F338  68  10 997 2        8 997 2      997 997 2      997  45 2      997***                                  
222111338  80  13F/U338  68  10 997 2        8 997 2      997 997 2      997  31 2      997***                                  
222114338 110  14F/U338  68  12 997 2       10 997 2      997 997 2      997 998 2      997***                                  
222117360 120  14  F360   C  13 997 2       11 997 2      997 997 2      997  36 2      997***                                  
222208 23 140  15F/U 23  45  16 997 2       13 997 2      997 997 2      997 998 2      997***                                  
222211 23 120  14  F 23   C  13 997 2       11 997 2      997 997 2      997  38 2      997***                                  
222214 23 110  13  F 23   C  11 997 2        9 997 2      997 997 2      997  27 2      997***                                  
222217 23 120  13  F 23   C  12 997 2       10 997 2      997 997 2      997  21 2      997***                                  
222308 45 120  14U/F 45  68  17 997 2       14 997 2      997 997 2      997 998 2      997***                                  
222311360 100  14F/U360  68  12 997 2       10 997 2      997 997 2      997  38 2      997***                                  
222314360 100  14U/F360  45  14 997 2       12 997 2      997 997 2      997  43 2      997***                                  
222317 23  90  13F/U 23  45  11 997 2        9 997 2      997 997 2      997  32 2      997***                                  
222408 23  30  11U/F  C  45  11 997 2        9 997 2      997 997 2      997  39 2      997***                                  
222411 23  30  11U/F  C  45  14 997 2       12 997 2      997 997 2      997  54 2      997***                                  
222414360  30  12U/F360  45  13 997 2       11 997 2      997 997 2      997 998 2      997***                                  
222417 45  50  12U/F 45  45  14 997 2       12 997 2      997 997 2      997  59 2      997***                                  
222508 23  20  11U/F  C  68  13 997 2       11 997 2      997 997 2      997  56 2      997***                                  
222511 68  10  11U/F  C  68  12 997 2       10 997 2      997 997 2      997  48 2      997***                                  
222514 45  50  12U/F 45  68  14 997 2       12 997 2      997 997 2      997 998 2      997***                                  
222517 68  50  12  F 68   C   7 997 2        5 997 2      997 997 2      997  31 2      997***                                  
222608113  60  12U/F113  90  12 997 2       10 997 2      997 997 2      997  46 2      997***                                  
222611113  60  12U/F113  90  11 997 2        9 997 2      997 997 2      997  39 2      997***                                  
222614113  60  12  F113   C   8 997 2        6 997 2      997 997 2      997  28 2      997***                                  
222617113  60  12  F113   C   8 997 2        6 997 2      997 997 2      997  34 2      997***                                  
222708135  40  12U/F135  90  10 997 2        8 997 2      997 997 2      997  45 2      997***                                  
222711135  70  12U/F135  90  12 997 2       10 997 2      997 997 2      997 998 2      997***                                  
222714135  50  12F/U135  90   7 997 2        5 997 2      997 997 2      997  23 2      997***                                  
222717135  40  12F/U135  90   6 997 2        4 997 2      997 997 2      997  25 2      997***                                  
222808203  50  12  F203   C   6 997 2        4 997 2      997 997 2      997  25 2      997***                                  
222811203  70  13  F203   C   8 997 2        6 997 2      997 997 2      997  26 2      997***                                  
222814180  50  12  F180   C   8 997 2        6 997 2      997 997 2      997  28 2      997***                                  
222817158  70  12F/U158 135   8 997 2        6 997 2      997 997 2      997  21 2      997***                                  
222908203  90  13F/U203 158  10 997 2        8 997 2      997 997 2      997  29 2      997***                                  
222911203  60  13U/F203 135   9 997 2        7 997 2      997 997 2      997  46 2      997***                                  
222914203  60  13U/F203 135   9 997 2        7 997 2      997 997 2      997  33 2      997***                                  
222917180  80  13U/F180 158  10 997 2        8 997 2      997 997 2      997  39 2      997***                                  
223008293  70  12U/F293 158   6 997 2        4 997 2      997 997 2      997  34 2      997***                                  
223011338 110  13  F338   C  13 997 2       10 997 2      997 997 2      997  23 2      997***                                  
223014 23 100  14  F 23   C  13 997 2       11 997 2      997 997 2      997  26 2      997***                                  
213017 45  80  13F/U 45  45  12 997 2       10 997 2      997 997 2      997  23 2      997***                                  
