12 0004                31060N122080E199710        0   0  0  0  0  01  02                                                        
220108 90  90  23F/U 90  90  13 997 2       10 997 2      997 997 2      997  29 2      997***                                  
220111 90  70  23F/U 90  90   9 997 2        7 997 2      997 997 2      997  34 2      997***                                  
220114 90  30  23F/U 90  90  12 997 2        9 997 2      997 997 2      997  31 2      997***                                  
220117 68  70  23F/U 68  90  12 997 2        9 997 2      997 997 2      997  33 2      997***                                  
220208 23  50  23U/F 23  68   8 997 2        6 997 2      997 997 2      997  32 2      997***                                  
220211 23  60  23U/F 23  68   9 997 2        7 997 2      997 997 2      997  36 2      997***                                  
220214 23  60  23U/F 23  68   8 997 2        6 997 2      997 997 2      997  37 2      997***                                  
220217 23  60  23  F 23   0   7 997 2        5 997 2      997 997 2      997  29 2      997***                                  
220308 23  30  22U/F  0  68   7 997 2        5 997 2      997 997 2      997  39 2      997***                                  
220311 90  30  22U/F  0  90   8 997 2        6 997 2      997 997 2      997  48 2      997***                                  
220314113  50  23U/F113  90   9 997 2        7 997 2      997 997 2      997  47 2      997***                                  
220317113  30  22U/F  0  90   6 997 2        4 997 2      997 997 2      997  42 2      997***                                  
220408 23  60  23U/F 23  68   9 997 2        7 997 2      997 997 2      997  38 2      997***                                  
220411 45  60  23F/U 45  68   8 997 2        6 997 2      997 997 2      997  29 2      997***                                  
220414338 110  24  F338   0  13 997 2       10 997 2      997 997 2      997  29 2      997***                                  
220417360 100  23  F360   0  13 997 2       10 997 2      997 997 2      997  29 2      997***                                  
220508315 120  24  F315   0  15 997 2       12 997 2      997 997 2      997  26 2      997***                                  
220511315  90  23  F315   0  13 997 2       10 997 2      997 997 2      997  29 2      997***                                  
220514338  60  23  F338   0   8 997 2        6 997 2      997 997 2      997  26 2      997***                                  
220517360  90  23  F360   0  10 997 2        8 997 2      997 997 2      997  24 2      997***                                  
220608360  20  21U/F  0  68   5 997 2        4 997 2      997 997 2      997  41 2      997***                                  
220611360  20  21U/F  0  68   5 997 2        4 997 2      997 997 2      997 998 2      997***                                  
220614 23  10  21U/F  0  68   4 997 2        3 997 2      997 997 2      997 998 2      997***                                  
220617203  30  21  F203   0   4 997 2        3 997 2      997 997 2      997  25 2      997***                                  
220708270  40  22U/F  0  90   6 997 2        4 997 2      997 997 2      997  33 2      997***                                  
220711270  60  23  F270   0   7 997 2        5 997 2      997 997 2      997  28 2      997***                                  
220714225  20  22U/F  0 113   6 997 2        4 997 2      997 997 2      997  58 2      997***                                  
220717225  70  23  F225   0   8 997 2        6 997 2      997 997 2      997  26 2      997***                                  
220808 45  50  23  F 45   0   7 997 2        5 997 2      997 997 2      997  28 2      997***                                  
220811 45  60  23  F 45   0   7 997 2        5 997 2      997 997 2      997  22 2      997***                                  
220814 23  50  23  F 23   0   7 997 2        5 997 2      997 997 2      997  27 2      997***                                  
220817 68  60  23F/U 68  68   8 997 2        7 997 2      997 997 2      997  34 2      997***                                  
220908135  60  23F/U135 113   8 997 2        6 997 2      997 997 2      997  30 2      997***                                  
220911158  50  23F/U158 113   7 997 2        5 997 2      997 997 2      997  28 2      997***                                  
220914158  50  23F/U158 113   7 997 2        5 997 2      997 997 2      997 998 2      997***                                  
220917158  70  23F/U158 135   9 997 2        7 997 2      997 997 2      997  28 2      997***                                  
221008248  40  22  F248   0   7 997 2        5 997 2      997 997 2      997  25 2      997***                                  
221011270  20  22U/F  0 158   7 997 2        5 997 2      997 997 2      997  35 2      997***                                  
221014  0   0  21U/F  0 135   5 997 2        3 997 2      997 997 2      997 998 2      997***                                  
221017180  30  22U/F  0 135   6 997 2        4 997 2      997 997 2      997  34 2      997***                                  
221108270  60  23  F270   0   8 997 2        6 997 2      997 997 2      997  25 2      997***                                  
221111248  30  22  F248   0   5 997 2        3 997 2      997 997 2      997  28 2      997***                                  
221114180  10  21U/F180 135   5 997 2        3 997 2      997 997 2      997  37 2      997***                                  
221117 68  20  21U/F 68  90   6 997 2        4 997 2      997 997 2      997  43 2      997***                                  
221208 68  40  22U/F 68  90   6 997 2        4 997 2      997 997 2      997  43 2        0                                     
221211 68  50  23U/F 68  90   7 997 2        5 997 2      997 997 2      997  38 2        0                                     
221214 68  60  23U/F 68  90   8 997 2        6 997 2      997 997 2      997  35 2        0                                     
221217 68  70  23U/F 68  90  10 997 2        8 997 2      997 997 2      997 998 2        0                                     
221308203  40  22U/F203 158   6 997 2        4 997 2      997 997 2      997  41 2        0                                     
221311203  40  22U/F203 158   6 997 2        4 997 2      997 997 2      997 998 2        0                                     
221314203  40  22U/F203 158   6 997 2        4 997 2      997 997 2      997  37 2        0                                     
221317203  30  22U/F203 158   6 997 2        4 997 2      997 997 2      997  42 2        0                                     
221408203  30  22U/F203 158   6 997 2        4 997 2      997 997 2      997  32 2        0                                     
221411203  20  22U/F203 158   6 997 2        4 997 2      997 997 2      997  39 2        0                                     
221414293  10  21U/F293 158   0 997 2        0 997 2      997 997 2      997   0 2        0                                     
221417 45  50  22U/F 45  68   7 997 2        5 997 2      997 997 2      997  35 2        0                                     
221508 68  80  23F/U 68  90  10 997 2        8 997 2      997 997 2      997 998 2        0                                     
221511 68 100  23F/U 68  90  13 997 2       10 997 2      997 997 2      997 998 2        0                                     
221514 45  60  23F/U 45  68   9 997 2        7 997 2      997 997 2      997  28 2        0                                     
221517 68  30  22F/U 68  68   5 997 2        3 997 2      997 997 2      997  21 2        0                                     
221608 45  30  22U/F 45  68   7 997 2        5 997 2      997 997 2      997 998 2        0                                     
221611 68  20  22U/F 68  68   6 997 2        4 997 2      997 997 2      997 998 2        0                                     
221614 68  10  21U/F 68  68   0 997 2        0 997 2      997 997 2      997   0 2        0                                     
221617 68  20  22U/F 68  68   5 997 2        3 997 2      997 997 2      997  40 2        0                                     
221708203  20  22U/F203 135   6 997 2        4 997 2      997 997 2      997 998 2        0                                     
221711203  30  22U/F203 135   6 997 2        4 997 2      997 997 2      997  35 2        0                                     
221714203  30  22U/F203 135   6 997 2        4 997 2      997 997 2      997 998 2        0                                     
221717203  40  22F  203   0   6 997 2        4 997 2      997 997 2      997  22 2        0                                     
221808270  50  22U/F  0 158   7 997 2        5 997 2      997 997 2      997  43 2        0                                     
221811270  20  22U/F  0 158   6 997 2        4 997 2      997 997 2      997 998 2        0                                     
221814338  50  23F  338   0   7 997 2        5 997 2      997 997 2      997  25 2        0                                     
221817 23  40  23F/U 23  45   7 997 2        5 997 2      997 997 2      997  24 2        0                                     
221908158  30  22U/F158 135   6 997 2        4 997 2      997 997 2      997  39 2        0                                     
221911203  60  23F  203   0   8 997 2        6 997 2      997 997 2      997  27 2        0                                     
221914203  40  22F/U203 135   6 997 2        4 997 2      997 997 2      997  23 2        0                                     
221917225  30  22F/U225 158   5 997 2        3 997 2      997 997 2      997  28 2        0                                     
222008158  40  22U/F158 135   6 997 2        4 997 2      997 997 2      997  37 2        0                                     
222011180  60  23U/F180 135   8 997 2        6 997 2      997 997 2      997 998 2        0                                     
222014180  60  23U/F180 135   9 997 2        7 997 2      997 997 2      997 998 2        0                                     
222017180  50  22U/F180 135  10 997 2        8 997 2      997 997 2      997 998 2        0                                     
222108158  30  22U/F158  90  14 997 2       12 997 2      997 997 2      997  62 2        0                                     
222111158  30  21U/F  0 113  12 997 2       10 997 2      997 997 2      997  47 2        0                                     
222114135  60  22U/F135 113  13 997 2       11 997 2      997 997 2      997  45 2        0                                     
222117180  60  22U/F180 113  15 997 2       13 997 2      997 997 2      997  62 2        0                                     
222208180  40  22U/F180  90  11 997 2        9 997 2      997 997 2      997  52 2        0                                     
222211270  10  21U/F  0  90  13 997 2       11 997 2      997 997 2      997 998 2        0                                     
222214 23  20  21U/F  0  90  10 997 2        8 997 2      997 997 2      997  42 2        0                                     
222217 45  30  21U/F  0 113  14 997 2       12 997 2      997 997 2      997 998 2        0                                     
222308338  40  22U/F338 113  10 997 2        8 997 2      997 997 2      997 998 2        0                                     
222311 23  30  21U/F  0 113   9 997 2        7 997 2      997 997 2      997  38 2        0                                     
222314 23  30  21U/F  0 113  10 997 2        8 997 2      997 997 2      997  38 2        0                                     
222317 68  30  21U/F  0 113  11 997 2        9 997 2      997 997 2      997  43 2        0                                     
222408 23  60  22U/F 23  68  10 997 2        8 997 2      997 997 2      997  37 2        0                                     
222411 45  50  22U/F 45  68  11 997 2        9 997 2      974 997 2      997  44 2        0                                     
222414 23  50  22U/F 23  68  12 997 2       10 997 2      997 997 2      997 998 2        0                                     
222417 23 120  24F/U 23  68  13 997 2       11 997 2      997 997 2      997  43 2        0                                     
222508 45 100  24U/F 45  68  14 997 2       12 997 2      997 997 2      997  57 2        0                                     
222511 45  90  24U/F 45  68  15 997 2       13 997 2      997 997 2      997 998 2        0                                     
222514 23 100  24U/F 23  45  15 997 2       13 997 2      997 997 2      997  47 2        0                                     
222517 23 110  24U/F 23  45  14 997 2       12 997 2      997 997 2      997  42 2        0                                     
222608315  90  24U/F315  45  14 997 2       12 997 2      997 997 2      997 998 2        0                                     
222611315 100  24U/F315  45  13 997 2       11 997 2      997 997 2      997 998 2        0                                     
222614315 100  24F/U315  45  12 997 2       10 997 2      997 997 2      997  27 2        0                                     
222617315 100  24F/U315  45  12 997 2       10 997 2      997 997 2      997  29 2        0                                     
222708315 110  24F/U315  45  12 997 2       10 997 2      997 997 2      997  39 2        0                                     
222711315 110  24F/U315  45  12 997 2       10 997 2      997 997 2      997 998 2        0                                     
222714338  80  23F/U338  45  10 997 2        8 997 2      997 997 2      997  26 2        0                                     
222717360 100  24F/U360  45  11 997 2        9 997 2      997 997 2      997  30 2        0                                     
222808338  80  23F/U338  45  10 997 2        8 997 2      997 997 2      997 998 2        0                                     
222811338  80  23F/U338  45  10 997 2        8 997 2      997 997 2      997 998 2        0                                     
222814338  70  23U/F338  68  11 997 2        9 997 2      997 997 2      997  45 2        0                                     
222817 23  40  22U/F 23  68  10 997 2        8 997 2      997 997 2      997  42 2        0                                     
222908270  30  22U/F270  45  10 997 2        8 997 2      997 997 2      997 998 2        0                                     
222911293  40  22U/F293  45  10 997 2        8 997 2      997 997 2      997 998 2        0                                     
222914338  60  22F  338   0   8 997 2        6 997 2      997 997 2      997 998 2        0                                     
222917338  40  22F  338   0   5 997 2        4 997 2      997 997 2      997  18 2        0                                     
223008315  50  22F  315   0   7 997 2        5 997 2      997 997 2      997  38 2        0                                     
223011360  70  23F  360   0   9 997 2        7 997 2      997 997 2      997  35 2        0                                     
223014338  80  23F  338   0  10 997 2        8 997 2      997 997 2      997  27 2        0                                     
223017360  90  23F  360   0  10 997 2        8 997 2      997 997 2      997  33 2        0                                     
223108360 140  25F  360   0  15 997 2       13 997 2      997 997 2      997  42 2        0                                     
223111 23  90  23U/F 23  68  14 997 2       12 997 2      997 997 2      997 998 2        0                                     
223114 23 100  23F/U 23  68  13 997 2       11 997 2      997 997 2      997  36 2        0                                     
213117360 100  23F  360   0  13 997 2       10 997 2      997 997 2      997  22 2        0                                     
