12 0004                31060N122080E199711        0   0  0  0  0  01  02                                                        
220108338  90  23F/U338  68  13 997 2       10 997 2      997 997 2      997 998 2        0                                     
220111360  60  23F/U360  68   8 997 2        6 997 2      997 997 2      997  30 2        0                                     
220114360  40  22F/U360  90   7 997 2        5 997 2      997 997 2      997  28 2        0                                     
220117 23  40  22F/U 23  90   6 997 2        4 997 2      997 997 2      997  26 2        0                                     
220208 45  40  22U/F 45  68   7 997 2        5 997 2      997 997 2      997  39 2        0                                     
220211 68  40  22U/F 68  68   7 997 2        5 997 2      997 997 2      997  40 2        0                                     
220214 90  40  22U/F 90  90   6 997 2        4 997 2      997 997 2      997  35 2        0                                     
220217 90  40  22U/F 90  90   6 997 2        4 997 2      997 997 2      997  36 2        0                                     
220308135  30  22U/F  0 113   5 997 2        4 997 2      997 997 2      997  35 2        0                                     
220311158  40  22U/F158 113   5 997 2        4 997 2      997 997 2      997  33 2        0                                     
220314158  40  22U/F158 113   6 997 2        4 997 2      997 997 2      997 998 2        0                                     
220317158  40  22U/F158 113   6 997 2        4 997 2      997 997 2      997  42 2        0                                     
220408270 120  24  F270   0  14 997 2       11 997 2      997 997 2      997  29 2        0                                     
220411293 130  24  F293   0  16 997 2       13 997 2      997 997 2      997 998 2        0                                     
220414315 140  24  F315   0  17 997 2       14 997 2      997 997 2      997  28 2        0                                     
220417338 150  24  F338   0  18 997 2       15 997 2      997 997 2      997  27 2        0                                     
220508315 110  23  F315   0  13 997 2       10 997 2      997 997 2      997  28 2        0                                     
220511315  90  23  F315   0  13 997 2       10 997 2      997 997 2      997 998 2        0                                     
220514338  80  23  F338   0  10 997 2        8 997 2      997 997 2      997  28 2        0                                     
220517360  60  23  F360   0   8 997 2        6 997 2      997 997 2      997  25 2        0                                     
220608315  60  23F/U315  68   7 997 2        5 997 2      997 997 2      997  29 2        0                                     
220611315  60  23F/U315  68   8 997 2        6 997 2      997 997 2      997  27 2        0                                     
220614338  50  23  F338   0   7 997 2        5 997 2      997 997 2      997  27 2        0                                     
220617360  50  23U/F360  90  10 997 2        8 997 2      997 997 2      997  64 2        0                                     
220708315  60  23F/U315  68   8 997 2        6 997 2      997 997 2      997  30 2        0                                     
220711315  50  23U/F315  68   8 997 2        6 997 2      997 997 2      997 998 2        0                                     
220714338  50  23F/U338  68   8 997 2        6 997 2      997 997 2      997  31 2        0                                     
220717360  50  23U/F360  90   9 997 2        7 997 2      997 997 2      997  46 2        0                                     
220808360  30  22U/F  0  90   6 997 2        5 997 2      997 997 2      997  42 2        0                                     
220811360  20  22U/F  0  90   6 997 2        4 997 2      997 997 2      997  41 2        0                                     
220814 45  30  22U/F  0  68   7 997 2        5 997 2      997 997 2      997  50 2        0                                     
220817 90  40  22U/F 90  90   7 997 2        5 997 2      997 997 2      997  43 2        0                                     
220908113  30  22U/F  0 113   5 997 2        4 997 2      997 997 2      997  65 2        0                                     
220911113  30  22U/F  0 113   5 997 2        4 997 2      997 997 2      997  63 2        0                                     
220914113  50  23U/F113 113   7 997 2        5 997 2      997 997 2      997  29 2        0                                     
220917113  50  23U/F113 113   7 997 2        5 997 2      997 997 2      997  30 2        0                                     
221008113  50  23U/F113 113   7 997 2        5 997 2      997 997 2      997  48 2        0                                     
221011113  50  23U/F113 113   7 997 2        5 997 2      997 997 2      997  43 2        0                                     
221014113  50  23U/F113 113   7 997 2        5 997 2      997 997 2      997  30 2        0                                     
221017113  50  23U/F113 113   8 997 2        6 997 2      997 997 2      997 998 2        0                                     
221108113  70  23F/U113 113   8 997 2        6 997 2      997 997 2      997  30 2        0                                     
221111135  60  23U/F135 113   8 997 2        6 997 2      997 997 2      997 998 2        0                                     
221114135  50  23U/F135 135   8 997 2        6 997 2      997 997 2      997  33 2        0                                     
221117135  70  23U/F135 135   9 997 2        7 997 2      997 997 2      997  40 2        0                                     
221208180  70  23U/F180 158  10 997 2        8 997 2      997 997 2      997  39 2        0                                     
221211180  80  23U/F180 158  10 997 2        8 997 2      997 997 2      997 998 2        0                                     
221214315  70  23  F315   0  10 997 2        8 997 2      997 997 2      997  23 2        0                                     
221217315  60  23  F315   0   9 997 2        7 997 2      997 997 2      997  25 2        0                                     
221308 45  70  23F/U 45  68  10 997 2        8 997 2      997 997 2      997 998 2        0                                     
221311 45  60  23U/F 45  68   9 997 2        7 997 2      997 997 2      997  42 2        0                                     
221314 68  50  23U/F 68  68   8 997 2        6 997 2      997 997 2      997 998 2        0                                     
221317 45  40  23U/F 45  68   7 997 2        5 997 2      997 997 2      997  33 2        0                                     
221408360  80  23  F 23   0  11 997 2        9 997 2      997 997 2      997  24 2        0                                     
221411360  70  23  F 23   0  10 997 2        8 997 2      997 997 2      997 998 2        0                                     
221414338  60  23  F338   0   8 997 2        6 997 2      997 997 2      997  26 2        0                                     
221417338  60  23  F338   0   9 997 2        7 997 2      997 997 2      997  22 2        0                                     
221508 45  70  23F/U 45  68   9 997 2        7 997 2      997 997 2      997  26 2        0                                     
221511 68 100  23F/U 68  68  11 997 2        9 997 2      997 997 2      997  26 2        0                                     
221514 68  80  23U/F 68  90  11 997 2        9 997 2      997 997 2      997  37 2        0                                     
221517 23 110  24F/U 23  68  14 997 2       12 997 2      997 997 2      997  24 2        0                                     
221608 23 120  24  F 23   0  15 997 2       12 997 2      997 997 2      997 998 2        0                                     
221611 45 100  23  F 45   0  13 997 2       10 997 2      997 997 2      997  25 2        0                                     
221614360  60  23  F 23   0   9 997 2        7 997 2      997 997 2      997  28 2        0                                     
221617338 140  24  F338   0  15 997 2       13 997 2      997 997 2      997  26 2        0                                     
221708293 150  24  F293   0  16 997 2       14 997 2      997 997 2      997  23 2        0                                     
221711293 150  24  F293   0  16 997 2       14 997 2      997 997 2      997 998 2        0                                     
221714293 130  24  F293   0  16 997 2       14 997 2      997 997 2      997 998 2        0                                     
221717293 130  24  F293   0  15 997 2       13 997 2      997 997 2      997  25 2        0                                     
221808315  90  23  F315   0  11 997 2        9 997 2      997 997 2      997 998 2        0                                     
221811338 100  23  F338   0  13 997 2       10 997 2      997 997 2      997 998 2        0                                     
221814338  70  23  F338   0  10 997 2        8 997 2      997 997 2      997  25 2        0                                     
221817338  70  23  F338   0  10 997 2        8 997 2      997 997 2      997 998 2        0                                     
221908 23  20  22F/U 23  45   4 997 2        2 997 2      997 997 2      997  23 2        0                                     
221911113  70  23U/F113 113   9 997 2        7 997 2      997 997 2      997 998 2        0                                     
221914113  30  22U/F113 113   6 997 2        4 997 2      997 997 2      997  45 2        0                                     
221917158  30  22U/F158 135   6 997 2        4 997 2      997 997 2      997  39 2        0                                     
222008158  40  22U/F158 135   6 997 2        4 997 2      997 997 2      997  41 2        0                                     
222011135  40  22U/F  0 135   7 997 2        5 997 2      997 997 2      997  37 2        0                                     
222014113  50  22U/F113 135   8 997 2        6 997 2      997 997 2      997  36 2        0                                     
222017113  40  22U/F113 135   7 997 2        5 997 2      997 997 2      997  35 2        0                                     
222108293  50  22U/F293 135   6 997 2        4 997 2      997 997 2      997  44 2        0                                     
222111293  60  23F/U293 113   8 997 2        6 997 2      997 997 2      997  28 2        0                                     
222114338 100  23  F338   0  11 997 2        9 997 2      997 997 2      997  24 2        0                                     
222117315 110  24  F315   0  13 997 2       11 997 2      997 997 2      997  25 2        0                                     
222208315  90  23  F315   0  11 997 2        9 997 2      997 997 2      997  25 2        0                                     
222211315  90  23  F315   0  11 997 2        9 997 2      997 997 2      997  24 2        0                                     
222214338 100  24  F338   0  13 997 2       11 997 2      997 997 2      997 998 2        0                                     
222217338  90  24U/F338  45  14 997 2       12 997 2      997 997 2      997  50 2        0                                     
222308315  40  22U/F315  68  11 997 2        9 997 2      997 997 2      997  49 2        0                                     
222311338  60  22U/F338  45  14 997 2       12 997 2      997 997 2      997 998 2        0                                     
222314 23  50  22U/F 23  45  12 997 2       10 997 2      997 997 2      997  40 2        0                                     
222317 45  60  23U/F 45  45  13 997 2       11 997 2      997 997 2      997  51 2        0                                     
222408113  60  22U/F113  90  11 997 2        9 997 2      997 997 2      997  39 2        0                                     
222411135  60  22U/F135  90  12 997 2       10 997 2      997 997 2      997  47 2        0                                     
222414113  40  22U/F113  90  11 997 2        9 997 2      997 997 2      997  38 2        0                                     
222417113  90  23F/U113  90  11 997 2        9 997 2      997 997 2      997  30 2        0                                     
222508203  50  22U/F203  90  12 997 2       10 997 2      997 997 2      997  57 2        0                                     
222511248  70  23U/F248  90  11 997 2        9 997 2      997 997 2      997  49 2        0                                     
222514270  50  22U/F270  90  13 997 2       11 997 2      997 997 2      997  53 2        0                                     
222517315  30  21U/F  0  90  15 997 2       13 997 2      997 997 2      997  57 2        0                                     
222608270  70  23F/U270  90  10 997 2        8 997 2      997 997 2      997  36 2        0                                     
222611293  90  23F/U293  90  11 997 2        9 997 2      997 997 2      997  32 2        0                                     
222614315 120  24F/U315  90  13 997 2       11 997 2      997 997 2      997  27 2        0                                     
222617315 110  24  F315   0  12 997 2       10 997 2      997 997 2      997  28 2        0                                     
222708 45  80  23F/U 45  68  10 997 2        8 997 2      997 997 2      997  25 2        0                                     
222711 90  70  23F/U 90  68   9 997 2        7 997 2      997 997 2      997 998 2        0                                     
222714 68  70  23U/F 68  90  12 997 2       10 997 2      997 997 2      997  43 2        0                                     
222717 90  90  23U/F 90  90  13 997 2       11 997 2      997 997 2      997  39 2        0                                     
222808 68 100  24U/F 68  90  14 997 2       12 997 2      997 997 2      997 998 2        0                                     
222811 90  90  24U/F 90  90  14 997 2       12 997 2      997 997 2      997  46 2        0                                     
222814248  80  23U/F248  90  13 997 2       11 997 2      997 997 2      997  49 2        0                                     
222817293  80  23U/F293  90  14 997 2       12 997 2      997 997 2      997  57 2        0                                     
222908315 140  25F/U315  68  15 997 2       13 997 2      997 997 2      997  48 2        0                                     
222911315 120  24F/U315  68  13 997 2       11 997 2      997 997 2      997 998 2        0                                     
222914315 130  24  F315   0  13 997 2       11 997 2      997 997 2      997  31 2        0                                     
222917315 120  24  F315   0  12 997 2       10 997 2      997 997 2      997  22 2        0                                     
223008338  80  24U/F338  45  14 997 2       12 997 2      997 997 2      997 998 2        0                                     
223011338  50  22U/F338  45  13 997 2       11 997 2      997 997 2      997  50 2        0                                     
223014360  50  22U/F360  45  10 997 2        8 997 2      997 997 2      997  36 2        0                                     
213017 45  60  23U/F 45  45  10 997 2        8 997 2      997 997 2      997  40 2        0                                     
