12 0004                31060N122080E199712        0   0  0  0  0  01  02                                                        
220108360  90  23U/F360  45  13 997 2       11 997 2      997 997 2      997 998 2        0                                     
220111360  80  23U/F360  45  12 997 2       10 997 2      997 997 2      997  44 2        0                                     
220114338 100  24U/F338  45  14 997 2       12 997 2      997 997 2      997 998 2        0                                     
220117315 150  25  F315   0  14 997 2       12 997 2      997 997 2      997  28 2        0                                     
220208315 120  24  F315   0  13 997 2       11 997 2      997 997 2      997  28 2        0                                     
220211338 100  24  F338   0  12 997 2       10 997 2      997 997 2      997  47 2        0                                     
220214338 100  24U/F338  45  15 997 2       13 997 2      997 997 2      997 998 2        0                                     
220217338 140  25F/U338  45  16 997 2       14 997 2      997 997 2      997 998 2        0                                     
220308360  80  23U/F360  45  13 997 2       11 997 2      997 997 2      997 998 2        0                                     
220311315  60  23U/F315  45  12 997 2       10 997 2      997 997 2      997 998 2        0                                     
220314315  70  23  F315   0   9 997 2        7 997 2      997 997 2      997 998 2        0                                     
220317338  80  23  F338   0  10 997 2        8 997 2      997 997 2      997  29 2        0                                     
220408 68  60  23F/U 68  68   8 997 2        6 997 2      997 997 2      997  36 2        0                                     
220411 90  70  23U/F 90  90  10 997 2        8 997 2      997 997 2      997  34 2        0                                     
220414 68  90  23F/U 68  90  11 997 2        9 997 2      997 997 2      997  29 2        0                                     
220417 68 100  23F/U 68  90  13 997 2       10 997 2      997 997 2      997 998 2        0                                     
220508 90  60  23U/F 90  90   9 997 2        7 997 2      997 997 2      997  46 2        0                                     
220511 90  60  23U/F 90  90  10 997 2        7 997 2      997 997 2      997 998 2        0                                     
220514113  80  23F/U113  90  11 997 2        8 997 2      997 997 2      997  37 2        0                                     
220517135  60  23F/U135 113   8 997 2        6 997 2      997 997 2      997  33 2        0                                     
220608225  60  23  F225   0   7 997 2        5 997 2      997 997 2      997  28 2        0                                     
220611293  60  23  F293   0   7 997 2        5 997 2      997 997 2      997  28 2        0                                     
220614315  80  23  F315   0  11 997 2        8 997 2      997 997 2      997 998 2        0                                     
220617315 110  24F/U315  68  15 997 2       12 997 2      997 997 2      997  35 2        0                                     
220708293 130  24  F293   0  16 997 2       13 997 2      997 997 2      997  29 2        0                                     
220711293 130  24  F293   0  17 997 2       14 997 2      997 997 2      997  27 2        0                                     
220714315 120  24  F315   0  17 997 2       14 997 2      997 997 2      997  29 2        0                                     
220717315 110  24  F315   0  16 997 2       13 997 2      997 997 2      997  28 2        0                                     
220808315 130  24  F315   0  16 997 2       13 997 2      997 997 2      997  28 2        0                                     
220811315 100  23  F315   0  12 997 2       10 997 2      997 997 2      997 998 2        0                                     
220814315 120  24  F315   0  17 997 2       14 997 2      997 997 2      997 998 2        0                                     
220817315 120  24  F315   0  17 997 2       14 997 2      997 997 2      997  29 2        0                                     
220908315 120  24  F315   0  16 997 2       13 997 2      997 997 2      997  29 2        0                                     
220911315 120  24  F315   0  16 997 2       13 997 2      997 997 2      997  29 2        0                                     
220914315 100  23  F315   0  11 997 2        9 997 2      997 997 2      997  21 2        0                                     
220917338 100  24  F338   0  15 997 2       13 997 2      997 997 2      997  28 2        0                                     
221008338 110  23  F338   0  14 997 2       11 997 2      997 997 2      997  28 2        0                                     
221011338  80  23  F338   0  10 997 2        8 997 2      997 997 2      997  26 2        0                                     
221014315  80  23  F315   0  10 997 2        8 997 2      997 997 2      997  20 2        0                                     
221017315  70  23F/U315  68  10 997 2        8 997 2      997 997 2      997 998 2        0                                     
221108293  80  23  F293   0  10 997 2        8 997 2      997 997 2      997  29 2        0                                     
221111270  90  23  F270   0  11 997 2        9 997 2      997 997 2      997 998 2        0                                     
221114315 110  23  F315   0  12 997 2       10 997 2      997 997 2      997  21 2        0                                     
221117338  70  23  F338   0   9 997 2        7 997 2      997 997 2      997  28 2        0                                     
221208338  50  23F/U338  68   8 997 2        6 997 2      997 997 2      997  31 2        0                                     
221211338  60  23  F338   0   8 997 2        6 997 2      997 997 2      997  28 2        0                                     
221214338  50  23  F338   0   7 997 2        5 997 2      997 997 2      997 998 2        0                                     
221217338  80  23  F338   0   8 997 2        6 997 2      997 997 2      997  25 2        0                                     
221308338  40  22U/F360  23   7 997 2        5 997 2      997 997 2      997  40 2        0                                     
221311360  40  22  F360   0   6 997 2        4 997 2      997 997 2      997  28 2        0                                     
221314360  30  22  F360   0   4 997 2        3 997 2      997 997 2      997  25 2        0                                     
221317338  30  21  F338   0   0 997 2        0 997 2      997 997 2      997   0 2        0                                     
221408  0   0  21U/F  0   0   0 997 2        0 997 2      997 997 2      997   0 2        0                                     
221411180  30  21U/F  0   0   0 997 2        0 997 2      997 997 2      997   0 2        0                                     
221414113  30  21U/F  0   0   0 997 2        0 997 2      997 997 2      997 998 2        0                                     
221417113  20  21U/F  0   0   0 997 2        0 997 2      997 997 2      997   0 2        0                                     
221508315  30  21U/F  0   0   0 997 2        0 997 2      997 997 2      997 998 2        0                                     
221511 23  10  21U/F  0   0   0 997 2        0 997 2      997 997 2      997   0 2        0                                     
221514 23  10  21U/F  0   0   0 997 2        0 997 2      997 997 2      997   0 2        0                                     
221517338  20  21U/F  0   0   0 997 2        0 997 2      997 997 2      997   0 2        0                                     
221608 68  80  23F/U 68  90   9 997 2        7 997 2      997 997 2      997  24 2        0                                     
221611113  90  23F/U113 113  10 997 2        8 997 2      997 997 2      997  28 2        0                                     
221614113  60  22U/F113 113   9 997 2        7 997 2      997 997 2      997 998 2        0                                     
221617158  40  22U/F135 135   7 997 2        5 997 2      997 997 2      997 998 2        0                                     
221708293 100  23  F293   0  12 997 2       10 997 2      997 997 2      997  23 2        0                                     
221711293 120  24  F293   0  14 997 2       12 997 2      997 997 2      997 998 2        0                                     
221714315  90  24  F315   0  13 997 2       10 997 2      997 997 2      997 998 2        0                                     
221717315  80  23  F315   0  11 997 2        9 997 2      997 997 2      997 998 2        0                                     
221808203  20  21U/F  0  68   5 997 2        3 997 2      997 997 2      997  54 2        0                                     
221811203  20  21U/F  0   0   0 997 2        0 997 2      997 997 2      997 998 2        0                                     
221814180  20  21U/F  0   0   0 997 2        0 997 2      997 997 2      997   0 2        0                                     
221817180  20  21U/F  0   0   0 997 2        0 997 2      997 997 2      997 998 2        0                                     
221908225  30  22U/F225 135   6 997 2        4 997 2      997 997 2      997  36 2        0                                     
221911113  10  21U/F  0 135   5 997 2        3 997 2      997 997 2      997  45 2        0                                     
221914225  20  22U/F225 135   5 997 2        3 997 2      997 997 2      997  41 2        0                                     
221917203  30  22U/F203 135   6 997 2        4 997 2      997 997 2      997 998 2        0                                     
222008315  60  23F/U315  68   8 997 2        6 997 2      997 997 2      997  25 2        0                                     
222011315  60  23F/U315  68   8 997 2        6 997 2      997 997 2      997  24 2        0                                     
222014360  70  23F/U360  68   8 997 2        6 997 2      997 997 2      997  23 2        0                                     
222017360  90  23  F360   0  10 997 2        8 997 2      997 997 2      997  22 2        0                                     
222108360 100  23F/U 23  68  13 997 2       10 997 2      997 997 2      997  26 2        0                                     
222111 23  90  23F/U 45  68  12 997 2       10 997 2      997 997 2      997 998 2        0                                     
222114 23  90  23F/U 45  68  13 997 2       10 997 2      997 997 2      997 998 2        0                                     
222117 23  90  23F/U 45  68  13 997 2       10 997 2      997 997 2      997 998 2        0                                     
222208360  70  23F/U360  68  10 997 2        8 997 2      997 997 2      997  25 2        0                                     
222211338 100  23F/U338  45  13 997 2       10 997 2      997 997 2      997  25 2        0                                     
222214338 100  23F/U338  45  13 997 2       10 997 2      997 997 2      997 998 2        0                                     
222217338 110  24F/U338  45  13 997 2       11 997 2      997 997 2      997 998 2        0                                     
222308360  90  24U/F 23  45  13 997 2       10 997 2      997 997 2      997 998 2        0                                     
222311360 110  24U/F 23  45  14 997 2       11 997 2      997 997 2      997  35 2        0                                     
222314360  90  24U/F 23  45  13 997 2       10 997 2      997 997 2      997 998 2        0                                     
222317360 100  24U/F360  45  13 997 2       10 997 2      997 997 2      997  50 2        0                                     
222408360  70  23U/F 23  45  10 997 2        8 997 2      997 997 2      997 998 2        0                                     
222411315  60  23U/F338  45   9 997 2        7 997 2      997 997 2      997 998 2        0                                     
222414338  70  23U/F338  45  10 997 2        8 997 2      997 997 2      997  46 2        0                                     
222417 23  70  23U/F 23  68  11 997 2        9 997 2      997 997 2      997 998 2        0                                     
222508 23  60  23U/F 23  45   9 997 2        7 997 2      997 997 2      997 998 2        0                                     
222511 45  50  23U/F 45  68   8 997 2        6 997 2      997 997 2      997 998 2        0                                     
222514 23  60  23U/F 23  68   9 997 2        7 997 2      997 997 2      997  47 2        0                                     
222517 68  50  22U/F 68  68   9 997 2        7 997 2      997 997 2      997  46 2        0                                     
222608 68  60  22U/F 68  68   9 997 2        7 997 2      997 997 2      997  45 2        0                                     
222611113  20  22U/F113  68   7 997 2        5 997 2      997 997 2      997 998 2        0                                     
222614293  40  21U/F  0   0   0 997 2        0 997 2      997 997 2      997   0 2        0                                     
222617293  50  21U/F  0   0   0 997 2        0 997 2      997 997 2      997   0 2        0                                     
222708315  60  23  F315   0  10 997 2        8 997 2      997 997 2      997  30 2        0                                     
222711338  70  23  F338   0  10 997 2        8 997 2      997 997 2      997  29 2        0                                     
222714338  70  23  F338   0  10 997 2        8 997 2      997 997 2      997  29 2        0                                     
222717338  90  23  F338   0  12 997 2       10 997 2      997 997 2      997  34 2        0                                     
222808360  60  23  F360   0   8 997 2        6 997 2      997 997 2      997 998 2        0                                     
222811 90  60  23U/F 90  45   8 997 2        6 997 2      997 997 2      997  40 2        0                                     
222814 45  80  23  F 45   0  11 997 2        9 997 2      997 997 2      997 998 2        0                                     
222817 45 110  23  F 45   0  14 997 2       12 997 2      997 997 2      997  39 2        0                                     
222908 68 130  24  F 68   0  16 997 2       14 997 2      997 997 2      997  38 2        0                                     
222911 68 120  24  F 68   0  15 997 2       13 997 2      997 997 2      997  37 2        0                                     
222914360  90  23  F360   0  12 997 2       10 997 2      997 997 2      997  30 2        0                                     
222917360 170  24  F360   0  16 997 2       14 997 2      997 997 2      997  39 2        0                                     
223008338 110  24  F338   0  15 997 2       13 997 2      997 997 2      997  39 2        0                                     
223011338  90  24F/U338  45  15 997 2       13 997 2      997 997 2      997  37 2        0                                     
223014293  70  23  F293   0   6 997 2        5 997 2      997 997 2      997 998 2        0                                     
223017 68  30  21  F  0   0   0 997 2        0 997 2      997 997 2      997 998 2        0                                     
223108113  20  21U/F113  68   5 997 2        4 997 2      997 997 2      997  44 2        0                                     
223111360  50  21U/F360  68   5 997 2        3 997 2      997 997 2      997 998 2        0                                     
223114 68  40  22U/F 68  68   5 997 2        3 997 2      997 997 2      997  37 2        0                                     
213117113  40  21U/F  0   0   0 997 2        0 997 2      997 997 2      997   0 2        0                                     
