12 0004                31060N122080E199709        0   0  0  0  0  01  02                                                        
220108158  80  23F/U158 135  11 997 2        9 997 2      997 997 2      997  29 2      997***                                  
220111180  90  23  F180   0  11 997 2        8 997 2      997 997 2      997  25 2      997***                                  
220114180  70  23  F180   0   9 997 2        7 997 2      997 997 2      997 998 2      997***                                  
220117180  90  23  F180   0  14 997 2       11 997 2      997 997 2      997  27 2      997***                                  
220208225  60  23F/U225 135   8 997 2        6 997 2      997 997 2      997 998 2      997***                                  
220211225  50  23  F225   0   7 997 2        5 997 2      997 997 2      997  28 2      997***                                  
220214360  20  21U/F  0   0   0 997 2        0 997 2      997 997 2      997   0 2      997***                                  
220217360 120  23  F360   0  13 997 2       11 997 2      997 997 3      997  26 2      997***                                  
220308338  50  23  F338   0   7 997 2        5 997 2      997 997 2      997 998 2      997***                                  
220311338  70  23  F338   0   8 997 2        6 997 2      997 997 2      997  29 2      997***                                  
220314315  50  23U/F315  23   8 997 2        6 997 2      997 997 2      997  31 2      997***                                  
220317338  60  23  F338   0   8 997 2        6 997 2      997 997 2      997  28 2      997***                                  
220408270  70  23F/U270  68   8 997 2        6 997 2      997 997 2      997  31 2      997***                                  
220411293  40  22  F293   0   6 997 2        4 997 2      997 997 2      997  28 2      997***                                  
220414225  40  22  F225   0   6 997 2        4 997 2      997 997 2      997  29 2      997***                                  
220417315  60  23  F315   0   7 997 2        5 997 2      997 997 2      997  26 2      997***                                  
220508 45  40  22U/F 45  68   7 997 2        5 997 2      997 997 2      997  30 2      997***                                  
220511 68  50  23U/F 68  68   7 997 2        5 997 2      997 997 2      997  31 2      997***                                  
220514113  30  22U/F113  90   6 997 2        4 997 2      997 997 2      997  29 2      997***                                  
220517 90  20  22U/F  0  90   5 997 2        3 997 2      997 997 2      997  30 2      997***                                  
220608 45  60  23  F 45   0   8 997 2        6 997 2      997 997 2      997  27 2      997***                                  
220611360  80  23  F360   0   9 997 2        7 997 2      997 997 2      997 998 2      997***                                  
220614 23  70  23  F 23   0   9 997 2        7 997 2      997 997 2      997 998 2      997***                                  
220617 23  80  23  F 23   0  10 997 2        8 997 2      997 997 2      997  27 2      997***                                  
220708 23  60  23  F 23   0   9 997 2        7 997 2      997 997 2      997  22 2      997***                                  
220711 23  70  23  F 23   0   9 997 2        7 997 2      997 997 2      997  23 2      997***                                  
220714 23  50  23  F 23   0   8 997 2        6 997 2      997 997 2      997  27 2      997***                                  
220717 45  50  23  F 45   0   7 997 2        5 997 2      997 997 2      997  29 2      997***                                  
220808 68  40  22  F 68   0   6 997 2        4 997 2      997 997 2      997  29 2      997***                                  
220811 90  40  22U/F 90 113   6 997 2        4 997 2      997 997 2      997 998 2      997***                                  
220814 90  50  23U/F 90 113   7 997 2        5 997 2      997 997 2      997  32 2      997***                                  
220817113  40  22U/F113 135   6 997 2        4 997 2      997 997 2      997 998 2      997***                                  
220908135  60  23U/F135 135   8 997 2        6 997 2      997 997 2      997  34 2      997***                                  
220911135  60  23U/F135 135   8 997 2        6 997 2      997 997 2      997 998 2      997***                                  
220914135  80  23U/F135 135   9 997 2        7 997 2      997 997 2      997  36 2      997***                                  
220917135  70  23U/F135 135   9 997 2        7 997 2      997 997 2      997 998 2      997***                                  
221008 68  70  23F/U 68  90   9 997 2        7 997 2      997 997 2      997  26 2      997***                                  
221011 45  70  23F/U 45  90   9 997 2        7 997 2      997 997 2      997  25 2      997***                                  
221014 68  90  23F/U 68  90  12 997 2       10 997 2      997 997 2      997 998 2      997***                                  
221017 90 100  23F/U 90 113  13 997 2       10 997 2      997 997 2      997  29 2      997***                                  
221108 68  80  23U/F 68  90  10 997 2        8 997 2      997 997 2      997  36 2      997***                                  
221111 45  60  23U/F 45  68   8 997 2        6 997 2      997 997 2      997  40 2      997***                                  
221114 68  80  23U/F 68  90  10 997 2        8 997 2      997 997 2      997  35 2      997***                                  
221117 68  90  23U/F 68  90  11 997 2        9 997 2      997 997 2      997  32 2      997***                                  
221208 45  80  23U/F 45  68  10 997 2        8 997 2      997 997 2      997 998 2      997***                                  
221211 45  60  23U/F 45  68   8 997 2        6 997 2      997 997 2      997  36 2      997***                                  
221214 45  50  23U/F 45  68   8 997 2        6 997 2      997 997 2      997  32 2      997***                                  
221217 45  70  23U/F 45  68   9 997 2        7 997 2      997 997 2      997 998 2      997***                                  
221308 23  60  23U/F 23  45   8 997 2        6 997 2      997 997 2      997  40 2      997***                                  
221311 23  70  23U/F 23  45   9 997 2        7 997 2      997 997 2      997  36 2      997***                                  
221314 45  80  23F/U 45  45  10 997 2        8 997 2      997 997 2      997  27 2      997***                                  
221317 45  90  23F/U 45  45  12 997 2       10 997 2      997 997 2      997  26 2      997***                                  
221408 45 130  24F/U 45  45  16 997 2       14 997 2      997 997 2      997  27 2      997***                                  
221411 45 130  24  F 45   0  16 997 2       14 997 2      997 997 2      997 998 2      997***                                  
221414 23 140  24  F 23   0  16 997 2       14 997 2      997 997 2      997  23 2      997***                                  
221417360 150  24  F360   0  17 997 2       15 997 2      997 997 2      997  26 2      997***                                  
221508 23 160  25F/U 45  45  20 997 2       17 997 2      997 997 2      997 998 2      997***                                  
221511 23 130  24F/U 23  45  16 997 2       14 997 2      997 997 2      997 998 2      997***                                  
221514 23 130  24F/U 23  45  16 997 2       14 997 2      997 997 2      997 998 2      997***                                  
221517 23 130  24  F 23   0  15 997 2       13 997 2      997 997 2      997  26 2      997***                                  
221608315 130  24F/U315  45  16 997 2       13 997 2      997 997 2      997  26 2      997***                                  
221611315 140  24F/U315  45  17 997 2       14 997 2      997 997 2      997 998 2      997***                                  
221614338 130  24F/U338  45  15 997 2       13 997 2      997 997 2      997  22 2      997***                                  
221617360 120  24F/U360  45  15 997 2       12 997 2      997 997 2      997  22 2      997***                                  
221708360  90  23U/F360  45  11 997 2        9 997 2      997 997 2      997 998 2      997***                                  
221711360  80  23U/F360  45  10 997 2        8 997 2      997 997 2      997 998 2      997***                                  
221714 23  80  24U/F 23  45  14 997 2       12 997 2      997 997 2      997 998 2      997***                                  
221717 23  90  24F/U 23  45  12 997 2       10 997 2      997 997 2      997  30 2      997***                                  
221808360  80  24U/F360  45  13 997 2       11 997 2      997 997 2      997 998 2      997***                                  
221811360  70  23U/F360  45  12 997 2       10 997 2      997 997 2      997  44 2      997***                                  
221814360  90  24U/F360  45  14 997 2       12 997 2      997 997 2      997  41 2      997***                                  
221817360 100  24F/U360  45  12 997 2       10 997 2      997 997 2      997  34 2      997***                                  
221908338  90  24U/F338  68  15 997 2       13 997 2      997 997 2      997  53 2      997***                                  
221911360  80  23U/F360  68  16 997 2       14 997 2      997 997 2      997  56 2      997***                                  
221914360  60  23U/F360  68  18 997 2       15 997 2      997 997 2      997 998 2      997***                                  
221917 23  60  23U/F 23  68  12 997 2       10 997 2      997 997 2      997 998 2      997***                                  
222008338  40  22U/F338  68  11 997 2        9 997 2      997 997 2      997  54 2      997***                                  
222011360  60  22U/F360  68  13 997 2       11 997 2      997 997 2      997 998 2      997***                                  
222014338  40  22U/F360  45  14 997 2       12 997 2      997 997 2      997  55 2      997***                                  
222017338  50  22U/F338  45  13 997 2       11 997 2      997 997 2      997  52 2      997***                                  
222108 45  40  22U/F 45  45  12 997 2       10 997 2      997 997 2      997  48 2      997***                                  
222111 45  70  23U/F 45  45  14 997 2       12 997 2      997 997 2      997 998 2      997***                                  
222114 23  60  23U/F 23  45  11 997 2        9 997 2      997 997 2      997  37 2      997***                                  
222117 45  80  23U/F 45  45  12 997 2       10 997 2      997 997 2      997  44 2      997***                                  
222208338  60  22  F338   0   7 997 2        5 997 2      997 997 2      997  19 2      997***                                  
222211360  50  22U/F360  45  11 997 2        9 997 2      997 997 2      997 998 2      997***                                  
222214360  40  22U/F360  68  10 997 2        8 997 2      997 997 2      997  48 2      997***                                  
222217 45  40  22U/F 45  90  12 997 2       10 997 2      997 997 2      997 998 2      997***                                  
222308338  50  22U/F338  68  10 997 2        8 997 2      997 997 2      997  48 2      997***                                  
222311 68  30  21U/F  0  68  11 997 2        9 997 2      997 997 2      997  43 2      997***                                  
222314 45  50  22U/F 45  68  10 997 2        8 997 2      997 997 2      997  40 2      997***                                  
222317 45  60  23U/F 45  68  12 997 2       10 997 2      997 997 2      997  48 2      997***                                  
222408998 998  2++++998 998 998 997 2      998 997 2      997 997 2      997 998 2      997***                                  
222411 68  60  23U/F 68  68  12 997 2       10 997 2      997 997 2      997  50 2      997***                                  
222414 68  20  21U/F  0  68  14 997 2       12 997 2      997 997 2      997 998 2      997***                                  
222417 68  40  22U/F 68  68  13 997 2       11 997 2      997 997 2      997  49 2      997***                                  
222508315  80  23  F315   0   9 997 2        7 997 2      997 997 2      997  27 2      997***                                  
222511270  50  22U/F270  68  11 997 2        9 997 2      997 997 2      997  55 2      997***                                  
222514293  60  22  F293   0   8 997 2        6 997 2      997 997 2      997 998 2      997***                                  
222517270  40  22U/F270  68  10 997 2        8 997 2      997 997 2      997  44 2      997***                                  
222608270 100  23  F270   0  12 997 2       10 997 2      997 997 2      997  38 2      997***                                  
222611270 130  24F/U270  68  14 997 2       12 997 2      997 997 2      997 998 2      997***                                  
222614293 110  24  F293   0  12 997 2       10 997 2      997 997 2      997  30 2      997***                                  
222617270 110  24  F270   0  12 997 2       10 997 2      997 997 2      997  37 2      997***                                  
222708315 100  24F/U315  90  11 997 2        9 997 2      997 997 2      997  39 2      997***                                  
222711293  90  23F/U293  68  10 997 2        8 997 2      997 997 2      997 998 2      997***                                  
222714293  90  23F/U293  68  10 997 2        9 997 2      997 997 2      997 998 2      997***                                  
222717315  70  23U/F315  68  13 997 2       11 997 2      997 997 2      997 998 2      997***                                  
222808270  50  22U/F270  45  11 997 2        9 997 2      997 997 2      997  45 2      997***                                  
222811293  50  22  F293   0   7 997 2        5 997 2      997 997 2      997 998 2      997***                                  
222814360  20  22U/F  0  68   5 997 2        4 997 2      997 997 2      997  48 2      997***                                  
222817225  40  22  F225   0   5 997 2        4 997 2      997 997 2      997  22 2      997***                                  
222908270  30  22U/F270  90   5 997 2        4 997 2      997 997 2      997 998 2      997***                                  
222911  0   0  21U/F  0   0   0 997 2        0 997 2      997 997 2      997   0 2      997***                                  
222914180  10  21U/F  0   0   0 997 2        0 997 2      997 997 2      997   0 2      997***                                  
222917158  20  21U/F  0   0   0 997 2        0 997 2      997 997 2      997   0 2      997***                                  
223008 68  40  22U/F 68  90   6 997 2        4 997 2      997 997 2      997  36 2      997***                                  
223011113  70  23  F113   0   8 997 2        6 997 2      997 997 2      997  29 2      997***                                  
223014113  50  23  F113   0   6 997 2        4 997 2      997 997 2      997 998 2      997***                                  
213017113  50  23  F113   0   7 997 2        5 997 2      997 997 2      997  29 2      997***                                  
