12 0004                31060N122080E199811      2648200 6212024529212641                                                        
220108 68  60  03U/F 45  68   8 997 2        6 997 2      997 997 2      997  33 2        0                                     
220111 68  50  03U/F 45  68   8 997 2        6 997 2      997 997 2      997  34 2        0                                     
220114 68  50  03U/F 45  68   8 997 2        6 997 2      997 997 2      997  34 2        0                                     
220117 68  40  02U/F 45  68   7 997 2        5 997 2      997 997 2      997 998 2        0                                     
220208225  60  03  F225   0   9 997 2        7 997 2      997 997 2      997 998 2        0                                     
220211248  50  02  F225   0   7 997 2        5 997 2      997 997 2      997 998 2        0                                     
220214225  50  02  F225   0   7 997 2        5 997 2      997 997 2      997 998 2        0                                     
220217270  40  02  F248   0   6 997 2        4 997 2      997 997 2      997 998 2        0                                     
220308 45  30  02U/F 68  45   6 997 2        4 997 2      997 997 2      997 998 2        0                                     
220311 68  10  01U/F  0   0   0 997 2        0 997 2      997 997 2      997   0 2        0                                     
220314 90  20  02U/F 68  68   5 997 2        3 997 2      997 997 2      997  32 2        0                                     
220317 90  20  02U/F 68  90   5 997 2        3 997 2      997 997 2      997  32 2        0                                     
220408270  20  02U/F  0  90   6 997 2        4 997 2      997 997 2      997  43 2        0                                     
220411315  20  02  F315   0   6 997 2        4 997 2      997 997 2      997 998 2        0                                     
220414360  70  03  F360   0  10 997 2        8 997 2      997 997 2      997 998 2        0                                     
220417 23  70  03  F 23   0  10 997 2        8 997 2      997 997 2      997 998 2        0                                     
220508 23 100  03  F 23   0  13 997 2       10 997 2      997 997 2      997  25 2        0                                     
220511 23 120  04  F 23   0  17 997 2       15 997 2      997 997 2      997  33 2        0                                     
220514 23  80  03  F 23   0  14 997 2       12 997 2      997 997 2      997  29 2        0                                     
220517360 140  05  F360   0  17 997 2       15 997 2      997 997 2      997  34 2        0                                     
220608315 120  04F/U315  45  15 997 2       13 997 2      997 997 2      997 998 2        0                                     
220611338 110  04U/F338  45  15 997 2       13 997 2      997 997 2      997  44 2        0                                     
220614338 110  04U/F338  45  15 997 2       13 997 2      997 997 2      997 998 2        0                                     
220617338 100  03F/U338  45  14 997 2       12 997 2      997 997 2      997 998 2        0                                     
220708338 100  03U/F338  45  14 997 2       12 997 2      997 997 2      997  45 2        0                                     
220711338 110  04U/F338  45  15 997 2       13 997 2      997 997 2      997  46 2        0                                     
220714338  70  03U/F338  45  13 997 2       11 997 2      997 997 2      997 998 2        0                                     
220717360  60  03U/F360  45   9 997 2        7 997 2      997 997 2      997 998 2        0                                     
220808180  30  01U/F180  68   5 997 2        4 997 2      997 997 2      997  42 2        0                                     
220811180  60  03U/F180  68   9 997 2        7 997 2      997 997 2      997 998 2        0                                     
220814180  70  03U/F180  68   9 997 2        7 997 2      997 997 2      997  51 2        0                                     
220817203  80  03F/U203  68   7 997 2        5 997 2      997 997 2      997  25 2        0                                     
220908293  70  03  F293   0   6 997 2        4 997 2      997 997 2      997  19 2        0                                     
220911293  70  03  F293   0   9 997 2        7 997 2      997 997 2      997  30 2        0                                     
220914338 110  04  F338   0  14 997 2       12 997 2      997 997 2      997  37 2        0                                     
220917 23 160  05  F 23   0  21 997 2       18 997 2      997 997 2      997 998 2        0                                     
221008 23  80  03U/F 23  45  14 997 2       12 997 2      997 997 2      997 998 2        0                                     
221011360  50  03U/F360  45   7 997 2        5 997 2      997 997 2      997  41 2        0                                     
221014360  60  03U/F360  45   7 997 2        5 997 2      997 997 2      997  41 2        0                                     
221017360  50  02U/F360  45   8 997 2        7 997 2      997 997 2      997  46 2        0                                     
221108338  40  02U/F338  68   5 997 2        4 997 2      997 997 2      997  41 2        0                                     
221111338  50  02U/F338  68   4 997 2        3 997 2      997 997 2      997  39 2        0                                     
221114338  20  01U/F  0   0   0 997 2        0 997 2      997 997 2      997   0 2        0                                     
221117360  40  02U/F360  68   5 997 2        4 997 2      997 997 2      997 998 2        0                                     
221208  0   0  01U/F  0  68   4 997 2        3 997 2      997 997 2      997 998 2        0                                     
221211135  30  02U/F135  68   5 997 2        3 997 2      997 997 2      997  37 2        0                                     
221214135  40  02U/F135  68   5 997 2        3 997 2      997 997 2      997 998 2        0                                     
221217158  70  03F/U158  68   7 997 2        5 997 2      997 997 2      997  21 2        0                                     
221308203  90  03  F203   0  12 997 2       10 997 2      997 997 2      997  31 2        0                                     
221311180  80  03  F180   0  12 997 2       10 997 2      997 997 2      997  31 2        0                                     
221314180  60  03  F180   0   8 997 2        6 997 2      997 997 2      997  26 2        0                                     
221317180  30  01U/F180 135   4 997 2        3 997 2      997 997 2      997  36 2        0                                     
221408158  50  02  F158   0   5 997 2        3 997 2      997 997 2      997  21 2        0                                     
221411180  40  02  F180   0   4 997 2        2 997 2      997 997 2      997  20 2        0                                     
221414180  30  01U/F  0   0   0 997 2        0 997 2      997 997 2      997   0 2        0                                     
221417135  50  01U/F135  68   4 997 2        3 997 2      997 997 2      997 998 2        0                                     
221508158  60  03  F158   0   7 997 2        5 997 2      997 997 2      997  27 2        0                                     
221511158  60  03  F158   0   7 997 2        5 997 2      997 997 2      997 998 2        0                                     
221514158  60  03F/U158  68   8 997 2        6 997 2      997 997 2      997  29 2        0                                     
221517135 100  03  F135   0  13 997 2       11 997 2      997 997 2      997  32 2        0                                     
221608203  60  03U/F203 158   7 997 2        5 997 2      997 997 2      997  35 2        0                                     
221611225  70  03F/U225 158   9 997 2        7 997 2      997 997 2      997 998 2        0                                     
221614203  50  02F/U203 158   7 997 2        5 997 2      997 997 2      997  20 2        0                                     
221617338 100  03F/U338 158  10 997 2        8 997 2      997 997 2      997  18 2        0                                     
221708338 100  04  F338   0  13 997 2       11 997 2      997 997 2      997  39 2        0                                     
221711315 110  04  F315   0  13 997 2       11 997 2      997 997 2      997  33 2        0                                     
221714315  90  03  F315   0  10 997 2        8 997 2      997 997 2      997  23 2        0                                     
221717360 120  04  F360   0  12 997 2       10 997 2      997 997 2      997  20 2        0                                     
221808 23 110  04U/F 23  45  16 997 2       13 997 2      997 997 2      997 998 2        0                                     
221811 23  80  03U/F 23  45  13 997 2       11 997 2      997 997 2      997  47 2        0                                     
221814 23  80  03U/F 23  45  12 997 2       10 997 2      997 997 2      997 998 2        0                                     
221817 23  80  03F/U 23  45  10 997 2        8 997 2      997 997 2      997  33 2        0                                     
221908 90  70  03U/F 90  45  12 997 2       10 997 2      997 997 2      997 998 2        0                                     
221911 90  70  02U/F 90  45  11 997 2        9 997 2      997 997 2      997  33 2        0                                     
221914 90  70  03U/F 90  45  13 997 2       11 997 2      997 997 2      997  45 2        0                                     
221917 90  50  02U/F 90  45  10 997 2        8 997 2      997 997 2      997  42 2        0                                     
222008 90  20  01U/F  0  45   9 997 2        7 997 2      997 997 2      997 998 2        0                                     
222011 68  20  01U/F  0  45   8 997 2        6 997 2      997 997 2      997  40 2        0                                     
222014 90  20  01U/F  0  45  10 997 2        8 997 2      997 997 2      997 998 2        0                                     
222017 68  50  02  F 68   0   7 997 2        5 997 2      997 997 2      997  28 2        0                                     
222108 90  50  02  F 90   0   8 997 2        6 997 2      997 997 2      997 998 2        0                                     
222111 68  50  02U/F 68  45   9 997 2        7 997 2      997 997 2      997  37 2        0                                     
222114360  30  02U/F360  45   6 997 2        5 997 2      997 997 2      997 998 2        0                                     
222117  0   0  01U/F  0   0   0 997 2        0 997 2      997 997 2      997   0 2        0                                     
222208360  80  03F/U360  45  10 997 2        8 997 2      997 997 2      997 998 2        0                                     
222211338  90  03F/U338  45  10 997 2        8 997 2      997 997 2      997 998 2        0                                     
222214338  80  03U/F338  45  14 997 2       12 997 2      997 997 2      997 998 2        0                                     
222217 23  60  02F/U 23  45   9 997 2        7 997 2      997 997 2      997  25 2        0                                     
222308 23  30  02U/F 23  45   7 997 2        5 997 2      997 997 2      997  37 2        0                                     
222311 90  20  01U/F  0  45   7 997 2        5 997 2      997 997 2      997 998 2        0                                     
222314135  10  01U/F  0  45   5 997 2        4 997 2      997 997 2      997 998 2        0                                     
222317158  20  01U/F  0  45   8 997 2        6 997 2      997 997 2      997  46 2        0                                     
222408270  40  02U/F270  45   7 997 2        5 997 2      997 997 2      997  36 2        0                                     
222411293  40  02U/F293  45   8 997 2        6 997 2      997 997 2      997 998 2        0                                     
222414360  50  02  F360   0   7 997 2        5 997 2      997 997 2      997  29 2        0                                     
222417 23 110  04  F 23   0  12 997 2       10 997 2      997 997 2      997 998 2        0                                     
222508 45  90  03  F 45   0   9 997 2        7 997 2      997 997 2      997  26 2        0                                     
222511 45  70  03U/F 45  45  13 997 2       11 997 2      997 997 2      997 998 2        0                                     
222514 68  80  03U/F 68  45  12 997 2       10 997 2      997 997 2      997  44 2        0                                     
222517 45  50  02U/F 45  45  12 997 2       10 997 2      997 997 2      997 998 2        0                                     
222608113  50  02U/F113  45  11 997 2        9 997 2      997 997 2      997  40 2        0                                     
222611113  80  03F/U113  45  11 997 2        9 997 2      997 997 2      997  34 2        0                                     
222614113  60  02U/F113  45  10 997 2        8 997 2      997 997 2      997  36 2        0                                     
222617 90  60  02U/F 90  45  12 997 2       10 997 2      997 997 2      997 998 2        0                                     
222708315  80  03  F315   0   9 997 2        7 997 2      997 997 2      997 998 2        0                                     
222711315 150  04  F315   0  18 997 2       15 997 2      997 997 2      997  25 2        0                                     
222714315 140  04  F315   0  18 997 2       15 997 2      997 997 2      997 998 2        0                                     
222717315 160  04  F315   0  19 997 2       16 997 2      997 997 2      997 998 2        0                                     
222808 45 130  03F/U 45  68  16 997 2       14 997 2      997 997 2      997 998 2        0                                     
222811 45  90  03F/U 45  68  11 997 2        9 997 2      997 997 2      997 998 2        0                                     
222814 45 100  03F/U 45  68  12 997 2       10 997 2      997 997 2      997 998 2        0                                     
222817 45  60  03F/U 45  68   8 997 2        6 997 2      997 997 2      997  26 2        0                                     
222908113  80  03U/F113 113   9 997 2        7 997 2      997 997 2      997 998 2        0                                     
222911135  80  03F/U135 113  12 997 2       10 997 2      997 997 2      997  29 2        0                                     
222914135  80  03F/U135 113  11 997 2        9 997 2      997 997 2      997  28 2        0                                     
222917135  90  03F/U135 113  12 997 2       10 997 2      997 997 2      997 998 2        0                                     
223008315  30  02U/F315 113   6 997 2        4 997 2      997 997 2      997  41 2        0                                     
223011315  50  02U/F315 113   7 997 2        5 997 2      997 997 2      997 998 2        0                                     
223014315  50  02U/F315 113   6 997 2        4 997 2      997 997 2      997  39 2        0                                     
213017338  40  02U/F338  90   6 997 2        4 997 2      997 997 2      997 998 2        0                                     
