12 0004                30389N122041E199805      2648200 6212024529212641                                                        
220108158  90  03U/F158  68   9 997 2        7 997 2      997 997 2      997 998 2        0                                     
220111158 100  04F/U158  68  15 997 2       13 997 2      997 997 2      997 998 2        0                                     
220114158 100  04F/U158  68  13 997 2       11 997 2      997 997 2      997 998 2        0                                     
220117158 120  04  F158   0  16 997 2       14 997 2      997 997 2      997  35 2        0                                     
220208203 100  03  F203   0   7 997 2        5 997 2      997 997 2      997  27 2        0                                     
220211315  80  03U/F315  68   7 997 2        5 997 2      997 997 2      997 998 2        0                                     
220214315  50  02U/F315  68   8 997 2        6 997 2      997 997 2      997  34 2        0                                     
220217 23  30  01U/F  0   0   0 997 2        0 997 2      997 997 2      997   0 2        0                                     
220308338  30  01U/F  0   0   0 997 2        0 997 2      997 997 2      997   0 2        0                                     
220311 23 100  03  F 23   0  14 997 2       12 997 2      997 997 2      997 998 2        0                                     
220314360  80  03  F360   0  12 997 2       10 997 2      997 997 2      997 998 2        0                                     
220317 45  80  03  F 45   0   8 997 2        6 997 2      997 997 2      997  24 2        0                                     
220408113  60  03F/U113  68   8 997 2        6 997 2      997 997 2      997  26 2        0                                     
220411 68  70  03F/U 68  68  10 997 2        8 997 2      997 997 2      997  29 2        0                                     
220414 90  50  02U/F 90  68   6 997 2        4 997 2      997 997 2      997  35 2        0                                     
220417 90  70  03F/U 90  68   7 997 2        5 997 2      997 997 2      997  25 2        0                                     
220508 68  90  03  F 68   0  12 997 2       10 997 2      997 997 2      997  31 2        0                                     
220511113  80  03U/F113  68  15 997 2       13 997 2      997 997 2      997  40 2        0                                     
220514 68  80  03U/F 68  68  15 997 2       13 997 2      997 997 2      997  41 2        0                                     
220517 68  90  03U/F 68  68  12 997 2       11 997 2      997 997 2      997  43 2        0                                     
220608 90  60  03U/F 90  68   9 997 2        7 997 2      997 997 2      997 998 2        0                                     
220611 90  40  02U/F 90  68   6 997 2        4 997 2      997 997 2      997  40 2        0                                     
220614 68  40  02U/F 68  68   4 997 2        3 997 2      997 997 2      997  41 2        0                                     
220617 68  50  02U/F 68  68   6 997 2        4 997 2      997 997 2      997 998 2        0                                     
220708180  50  02F/U180  68   5 997 2        3 997 2      997 997 2      997  20 2        0                                     
220711113  20  01U/F  0   0   0 997 2        0 997 2      997 997 2      997   0 2        0                                     
220714 90  10  01U/F  0   0   0 997 2        0 997 2      997 997 2      997   0 2        0                                     
220717 68  20  02U/F 68  68   5 997 2        4 997 2      997 997 2      997  30 2        0                                     
220808360  90  03  F360   0  10 997 2        8 997 2      997 997 2      997  28 2        0                                     
220811360 110  04  F360   0  13 997 2       11 997 2      997 997 2      997 998 2        0                                     
220814 45 100  04F/U 45  45  14 997 2       11 997 2      997 997 2      997  43 2        0                                     
220817 23  90  03F/U 23  45  13 997 2       10 997 2      997 997 2      997  35 2        0                                     
220908 90  70  03U/F 90  90  10 997 2        8 997 2      997 997 2      997  33 2        0                                     
220911 90  70  03U/F 90  90   9 997 2        7 997 2      997 997 2      997 998 2        0                                     
220914 90  50  03U/F 90  90   7 997 2        5 997 2      997 997 2      997 998 2        0                                     
220917113  60  03U/F113 113   8 997 2        6 997 2      997 997 2      997  34 2        0                                     
221008135  70  03U/F135 113  10 997 2        8 997 2      997 997 2      997  32 2        0                                     
221011135  60  03U/F135 113   9 997 2        7 997 2      997 997 2      997  30 2        0                                     
221014135  50  03U/F135 135   7 997 2        5 997 2      997 997 2      997  29 2        0                                     
221017113  50  03U/F113 113   8 997 2        6 997 2      997 997 2      997  31 2        0                                     
221108293  70  03U/F293  68  13 997 2       10 997 2      997 997 2      997  51 2        0                                     
221111270  90  03  F270   0  13 997 2       10 997 2      997 997 2      997 998 2        0                                     
221114270  50  03U/F270  68  13 997 2       10 997 2      997 997 2      997 998 2        0                                     
221117293 110  04  F293   0  15 997 2       12 997 2      997 997 2      997  28 2        0                                     
221208315  80  03F/U315  90  10 997 2        8 997 2      997 997 2      997  33 2        0                                     
221211315  70  03  F315   0   9 997 2        7 997 2      997 997 2      997  27 2        0                                     
221214 23  50  03  F 23   0   7 997 2        5 997 2      997 997 2      997 998 2        0                                     
221217 68  50  03U/F 68  68   8 997 2        6 997 2      997 997 2      997  34 2        0                                     
221308 90  70  03F/U 90  90  10 997 2        8 997 2      997 997 2      997 998 2        0                                     
221311 90  70  03F/U 90  90  10 997 2        8 997 2      997 997 2      997  31 2        0                                     
221314 90  70  03F/U 90  90  11 997 2        8 997 2      997 997 2      997  31 2        0                                     
221317 90  60  03U/F 90 113   8 997 2        6 997 2      997 997 2      997 998 2        0                                     
221408 90 110  04F/U 90  90  16 997 2       13 997 2      997 997 2      997  38 2        0                                     
221411 90 120  04  F 90   0  16 997 2       13 997 2      997 997 2      997  25 2        0                                     
221414 90 110  04  F 90   0  16 997 2       13 997 2      997 997 2      997 998 2        0                                     
221417 68 110  04  F 68   0  14 997 2       11 997 2      997 997 2      997  28 2        0                                     
221508 68  80  03F/U 68  68  10 997 2        8 997 2      997 997 2      997  31 2        0                                     
221511 90 110  03F/U 90  90  15 997 2       13 997 2      997 997 2      997  31 2        0                                     
221514 45  60  03F/U 45  68   8 997 2        6 997 2      997 997 2      997  28 2        0                                     
221517338  80  03  F338   0   9 997 2        7 997 2      997 997 2      997  21 2        0                                     
221608293  80  03  F293   0   9 997 2        7 997 2      997 997 2      997  25 2        0                                     
221611293  80  03  F293   0  10 997 2        8 997 2      997 997 2      997 998 2        0                                     
221614315  50  03  F315   0   7 997 2        5 997 2      997 997 2      997  27 2        0                                     
221617360  30  02U/F  0  68   7 997 2        5 997 2      997 997 2      997  35 2        0                                     
221708158  60  03  F158   0   7 997 2        5 997 2      997 997 2      997  27 2        0                                     
221711158  20  01U/F  0   0   0 997 2        0 997 2      997 997 2      997   0 2        0                                     
221714158  50  03F/U158 113   7 997 2        5 997 2      997 997 2      997  27 2        0                                     
221717158  30  02U/F  0 113   6 997 2        4 997 2      997 997 2      997  28 2        0                                     
221808  0   0  01U/F  0  68   6 997 2        4 997 2      997 997 2      997  63 2        0                                     
221811 68  30  02U/F  0  68   6 997 2        4 997 2      997 997 2      997  61 2        0                                     
221814 90  30  02U/F  0  90   6 997 2        4 997 2      997 997 2      997 998 2        0                                     
221817 68  50  02U/F 68  90   6 997 2        4 997 2      997 997 2      997 998 2        0                                     
221908113  60  03  F113   0   8 997 2        6 997 2      997 997 2      997  24 2        0                                     
221911113  70  03  F113   0  10 997 2        8 997 2      997 997 2      997  31 2        0                                     
221914113  90  03F/U113  90  13 997 2       11 997 2      997 997 2      997 998 2        0                                     
221917113  90  03F/U113  90  13 997 2       11 997 2      997 997 2      997  31 2        0                                     
222008113  80  03  F113   0  12 997 2       10 997 2      997 997 2      997  31 2        0                                     
222011113 100  04  F113   0  15 997 2       13 997 2      997 997 2      997  35 2        0                                     
222014113 100  03  F113   0  14 997 2       12 997 2      997 997 2      997 998 2        0                                     
222017113 130  04  F113   0  16 997 2       14 997 2      997 997 2      997 998 2        0                                     
222108 68 140  05  F 68   0  17 997 2       15 997 2      997 997 2      997 998 2        0                                     
222111 68  90  04F/U 68  68  13 997 2       11 997 2      997 997 2      997  34 2        0                                     
222114 90  70  03F/U 90  68  12 997 2       10 997 2      997 997 2      997  31 2        0                                     
222117 90  90  03F/U 90  68  12 997 2       10 997 2      997 997 2      997 998 2        0                                     
222208113  70  03U/F113 135   7 997 2        5 997 2      997 997 2      997  36 2        0                                     
222211113  70  03F/U113 135   9 997 2        7 997 2      997 997 2      997 998 2        0                                     
222214135  90  03  F135   0  12 997 2       10 997 2      997 997 2      997  31 2        0                                     
222217135 130  04  F135   0  16 997 2       14 997 2      997 997 2      997 998 2        0                                     
222308135  80  03U/F135  90   7 997 2        5 997 2      997 997 2      997  37 2        0                                     
222311113 100  03F/U113  90   9 997 2        7 997 2      997 997 2      997  31 2        0                                     
222314135  90  03F/U135  90  13 997 2       11 997 2      997 997 2      997 998 2        0                                     
222317135 100  03F/U135  90  15 997 2       13 997 2      997 997 2      997  32 2        0                                     
222408135  50  03U/F135  90   6 997 2        4 997 2      997 997 2      997  49 2        0                                     
222411293  60  02U/F293  90   6 997 2        4 997 2      997 997 2      997  49 2        0                                     
222414293 100  03F/U293  90   7 997 2        5 997 2      997 997 2      997  27 2        0                                     
222417293 100  03  F293   0  13 997 2       11 997 2      997 997 2      997  30 2        0                                     
222508 23 110  03  F 23   0  14 997 2       12 997 2      997 997 2      997  31 2        0                                     
222511 23  90  03  F 23   0  13 997 2       11 997 2      997 997 2      997 998 2        0                                     
222514360  70  03  F360   0   9 997 2        7 997 2      997 997 2      997 998 2        0                                     
222517360  50  02U/F360  45   6 997 2        4 997 2      997 997 2      997  46 2        0                                     
222608360  30  01U/F360  45   4 997 2        3 997 2      997 997 2      997 998 2        0                                     
222611  0   0  01U/F  0   0   0 997 2        0 997 2      997 997 2      997   0 2        0                                     
222614 90  40  01U/F  0   0   0 997 2        0 997 2      997 997 2      997   0 2        0                                     
222617113  50  03  F113   0   7 997 2        5 997 2      997 997 2      997  27 2        0                                     
222708113  70  03U/F113  68   8 997 2        6 997 2      997 997 2      997 998 2        0                                     
222711113  90  03F/U113  68   7 997 2        5 997 2      997 997 2      997  25 2        0                                     
222714113 100  03  F113   0  12 997 2       10 997 2      997 997 2      997  30 2        0                                     
222717113  90  04  F113   0  16 997 2       14 997 2      997 997 2      997  36 2        0                                     
222808113  70  03  F113   0  13 997 2       11 997 2      997 997 2      997  30 2        0                                     
222811158  60  03U/F158  90   7 997 2        5 997 2      997 997 2      997  41 2        0                                     
222814203  60  03F/U203  90   6 997 2        4 997 2      997 997 2      997  25 2        0                                     
222817158  50  03U/F158  90   5 997 2        4 997 2      997 997 2      997  44 2        0                                     
222908 45  60  03  F 45   0   7 997 2        5 997 2      997 997 2      997  29 2        0                                     
222911 23  90  03U/F 23  68  13 997 2       11 997 2      997 997 2      997 998 2        0                                     
222914360  80  03F/U360  68  10 997 2        8 997 2      997 997 2      997  26 2        0                                     
222917360  90  03F/U360  68  12 997 2       10 997 2      997 997 2      997 998 2        0                                     
223008360  30  01U/F360 113   6 997 2        4 997 2      997 997 2      997  46 2        0                                     
223011 23  80  03F/U 23  68   9 997 2        7 997 2      997 997 2      997 998 2        0                                     
223014 45  50  02U/F 45  68   7 997 2        5 997 2      997 997 2      997  40 2        0                                     
223017 68  20  02U/F 68  68   7 997 2        5 997 2      997 997 2      997 998 2        0                                     
223108113  60  03  F113   0   7 997 2        5 997 2      997 997 2      997  33 2        0                                     
223111113  60  03U/F113  68   9 997 2        7 997 2      997 997 2      997 998 2        0                                     
223114135  90  03F/U135  68  12 997 2       10 997 2      997 997 2      997  25 2        0                                     
213117135  90  03F/U135  68  14 997 2       12 997 2      997 997 2      997 998 2        0                                     
