12 0004                31060N122080E199812        0   0  0180  0  012642                                                        
220108 68  40  02U/F 68  90   7 997 2        5 997 2      997 997 2      997 998 2        0                                     
220111 68  60  02U/F 68  90   8 997 2        6 997 2      997 997 2      997 998 2        0                                     
220114 68  90  03F/U 68  90  12 997 2       10 997 2      997 997 2      997  25 2        0                                     
220117 68 130  04  F 68   C  16 997 2       14 997 2      997 997 2      997  27 2        0                                     
220208360 210  05  F360   C  24 997 2       22 997 2      997 997 2      997  29 2        0                                     
220209360 210  05  F360   C  24 997 2       22 997 2      997 997 2      997 998 2        0                                     
220210360 220  05  F360   C  25 997 2       22 997 2      997 997 2      997 998 2        0                                     
220211360 210  05  F360   C  25 997 2       22 997 2      997 997 2      997 998 2        0                                     
220212360 220  05  F360   C  25 997 2       22 997 2      997 997 2      997 998 2        0                                     
220213360 210  05  F360   C  25 997 2       22 997 2      997 997 2      997 998 2        0                                     
220214360 210  05  F360   0  25 997 2       22 997 2      997 997 2      997 998 2        0                                     
220215360 220  05  F360   C  25 997 2       22 997 2      997 997 2      997 998 2        0                                     
220216360 220  05  F360   C  25 997 2       22 997 2      997 997 2      997 998 2        0                                     
220217360 210  05  F360   0  25 997 2       22 997 2      997 997 2      997  27 2        0                                     
220308338 150  04  F338   0  19 997 2       16 997 2      997 997 2      997  28 2        0                                     
220311338 120  04  F338   0  15 997 2       13 997 2      997 997 2      997 998 2        0                                     
220314315 140  04  F315   0  16 997 2       14 997 2      997 997 2      997 998 2        0                                     
220317338 150  04  F338   0  16 997 2       14 997 2      997 997 2      997 998 2        0                                     
220408 23  80  03U/F 23  45  12 997 2       10 997 2      997 997 2      997 998 2        0                                     
220411360  50  03U/F360  45   8 997 2        6 997 2      997 997 2      997  32 2        0                                     
220414360  50  03U/F360  45   8 997 2        6 997 2      997 997 2      997 998 2        0                                     
220417360  40  02U/F360  45   6 997 2        4 997 2      997 997 2      997  35 2        0                                     
220508338 120  03  F338   0  15 997 2       13 997 2      997 997 2      997 998 2        0                                     
220511338 140  04  F338   0  16 997 2       14 997 2      997 997 2      997 998 2        0                                     
220514338 150  04  F338   0  17 997 2       15 997 2      997 997 2      997 998 2        0                                     
220517315 130  04  F315   0  16 997 2       14 997 2      997 997 2      997  27 2        0                                     
220608 23 100  03F/U 45  68  12 997 2       10 997 2      997 997 2      997 998 2        0                                     
220611 23  80  03F/U 45  68  11 997 2        9 997 2      997 997 2      997 998 2        0                                     
220614 45  70  03F/U 45  68  10 997 2        8 997 2      997 997 2      997  25 2        0                                     
220617 45  60  03F/U 45  68   9 997 2        7 997 2      997 997 2      997 998 2        0                                     
220708315 150  04  F315   0  18 997 2       16 997 2      997 997 2      997 998 2        0                                     
220711315 160  04  F315   0  20 997 2       17 997 2      997 997 2      997 998 2        0                                     
220714315 160  04  F315   0  19 997 2       16 997 2      997 997 2      997 998 2        0                                     
220717315 170  04  F315   0  20 997 2       17 997 2      997 997 2      997  27 2        0                                     
220808338 150  04  F338   0  18 997 2       15 997 2      997 997 2      997  26 2        0                                     
220811360 100  03  F360   0   9 997 2        7 997 2      997 997 2      997 998 2        0                                     
220814360  80  03  F360   0  10 997 2        8 997 2      997 997 2      997  35 2        0                                     
220817338 100  03  F338   0  11 997 2        9 997 2      997 997 2      997 998 2        0                                     
220908360 110  04  F360   0  11 997 2        9 997 2      997 997 2      997  28 2        0                                     
220911360 120  04F/U360  45  14 997 2       12 997 2      997 997 2      997 998 2        0                                     
220914338 100  04U/F338  45  13 997 2       11 997 2      997 997 2      997  35 2        0                                     
220917338 100  04U/F338  45  14 997 2       12 997 2      997 997 2      997 998 2        0                                     
221008338  90  03  F338   0  10 997 2        8 997 2      997 997 2      997  29 2        0                                     
221011360  90  03  F360   0   9 997 2        7 997 2      997 997 2      997  25 2        0                                     
221014360  80  03F/U360  45  10 997 2        8 997 2      997 997 2      997 998 2        0                                     
221017360  60  02U/F360  45  10 997 2        8 997 2      997 997 2      997 998 2        0                                     
221108360  90  03F/U360  45  10 997 2        8 997 2      997 997 2      997 998 2        0                                     
221111338  90  03F/U338  45   9 997 2        7 997 2      997 997 2      997 998 2        0                                     
221114360  80  03F/U360  45  10 997 2        8 997 2      997 997 2      997  28 2        0                                     
221117360  80  03U/F360  45  11 997 2        9 997 2      997 997 2      997  37 2        0                                     
221208 68  40  02U/F 68  45  11 997 2        9 997 2      997 997 2      997  52 2        0                                     
221211360  40  02U/F360  45   8 997 2        0 997 2      997 997 2      997 998 2        0                                     
221214 23  50  02U/F 23  45   9 997 2        7 997 2      997 997 2      997  42 2        0                                     
221217 45  40  02U/F 45  45   8 997 2        6 997 2      997 997 2      997  37 2        0                                     
221308293  10  01U/F  0   0   0 997 2        0 997 2      997 997 2      997   0 2        0                                     
221311293  40  02U/F293  45   7 997 2        5 997 2      997 997 2      997 998 2        0                                     
221314315  30  01U/F315  45   8 997 2        6 997 2      997 997 2      997 998 2        0                                     
221317203  30  01U/F  0   0   0 997 2        0 997 2      997 997 2      997   0 2        0                                     
221408270  80  03  F270   0   9 997 2        7 997 2      997 997 2      997  31 2        0                                     
221411270  90  03  F270   0  11 997 2        9 997 2      997 997 2      997 998 2        0                                     
221414315 120  04  F315   0  12 997 2       10 997 2      997 997 2      997  22 2        0                                     
221417315 100  03  F315   0  11 997 2        9 997 2      997 997 2      997  28 2        0                                     
221508293  50  02  F293   0   7 997 2        5 997 2      997 997 2      997  33 2        0 30                                  
221511293  40  02U/F293  45   9 997 2        7 997 2      997 997 2      997  50 2        0                                     
221514248  20  01U/F  0   0   0 997 2        0 997 2      997 997 2      997   0 2        0                                     
221517248  20  01U/F  0  45   7 997 2        5 997 2      997 997 2      997 998 2        0                                     
221608270  50  02  F270   0   7 997 2        5 997 2      997 997 2      997 998 2        0                                     
221611248  40  02U/F248  45   7 997 2        5 997 2      997 997 2      997 998 2        0                                     
221614203  20  01U/F  0   0   0 997 2        0 997 2      997 997 2      997   0 2        0                                     
221617203  50  02  F203   0   5 997 2        4 997 2      997 997 2      997  20 2        0                                     
221708  C   0  01U/F  0   0   0 997 2        0 997 2      997 997 2      997   0 2        0                                     
221711 90  10  01U/F  0   0   0 997 2        0 997 2      997 997 2      997   0 2        0                                     
221714225  10  01U/F  0   0   0 997 2        0 997 2      997 997 2      997   0 2        0                                     
221717 68  20  01U/F  0   0   0 997 2        0 997 2      997 997 2      997   0 2        0                                     
221808113  50  02F/U113  45   7 997 2        5 997 2      997 997 2      997 998 2        0                                     
221811135  50  02U/F135  45   8 997 2        6 997 2      997 997 2      997  38 2        0                                     
221814158  50  02  F158   0   5 997 2        4 997 2      997 997 2      997  24 2        0                                     
221817180  50  02  F180   0   5 997 2        4 997 2      997 997 2      997  28 2        0                                     
221908315  60  02F/U315  45   8 997 2        6 997 2      997 997 2      997 998 2        0                                     
221911338  70  03F/U338  45   9 997 2        7 997 2      997 997 2      997  32 2        0                                     
221914338  80  03F/U338  45   9 997 2        7 997 2      997 997 2      997 998 2        0                                     
221917338 120  04  F338   0  14 997 2       11 997 2      997 997 2      997  24 2        0                                     
222008 45  60  03F/U 45  68   9 997 2        7 997 2      997 997 2      997 998 2        0                                     
222011 90  80  03F/U 90  90   9 997 2        7 997 2      997 997 2      997  38 2        0                                     
222014 90  80  03F/U 90  90   9 997 2        7 997 2      997 997 2      997  34 2        0                                     
222017 68  60  03F/U 68  90   8 997 2        6 997 2      997 997 2      997  33 2        0                                     
222108 68  30  02U/F 68  90   7 997 2        5 997 2      997 997 2      997  36 2        0                                     
222111 68  40  02U/F 68  90   8 997 2        6 997 2      997 997 2      997  35 2        0                                     
222114 90  30  02U/F 90  90   8 997 2        6 997 2      997 997 2      997  37 2        0                                     
222117 90  30  01U/F  0  90   6 997 2        4 997 2      997 997 2      997  35 2        0                                     
222208 45  50  03F/U 45  68   7 997 2        5 997 2      997 997 2      997  33 2        0                                     
222211 45  60  03F/U 45  68   8 997 2        6 997 2      997 997 2      997  36 2        0                                     
222214 45  60  03F/U 45  68   8 997 2        6 997 2      997 997 2      997 998 2        0                                     
222217 23  50  03  F 23   0   7 997 2        5 997 2      997 997 2      997  26 2        0                                     
222308360 110  04  F360   0  13 997 2       10 997 2      997 997 2      997 998 2        0                                     
222311360 130  04  F360   0  17 997 2       14 997 2      997 997 2      997  26 2        0                                     
222314360 130  04  F360   0  16 997 2       13 997 2      997 997 2      997  28 2        0                                     
222317360 100  03  F360   0  14 997 2       11 997 2      997 997 2      997 998 2        0                                     
222408360 100  03  F360   0  13 997 2       10 997 2      997 997 2      997  26 2        0                                     
222411338 100  03  F360   0  13 997 2       10 997 2      997 997 2      997  26 2        0                                     
222414360  90  03  F360   0  13 997 2       10 997 2      997 997 2      997 998 2        0                                     
222417315  70  03  F315   0   9 997 2        7 997 2      997 997 2      997 998 2        0                                     
222508338  50  03  F338   0   7 997 2        5 997 2      997 997 2      997  27 2        0                                     
222511338  70  03  F338   0   8 997 2        6 997 2      997 997 2      997 998 2        0                                     
222514338  50  03  F315   0   7 997 2        5 997 2      997 997 2      997  26 2        0                                     
222517338  50  03U/F338  90   8 997 2        6 997 2      997 997 2      997 998 2        0                                     
222608360  40  02U/F360  68   7 997 2        5 997 2      997 997 2      997 998 2        0                                     
222611315  50  03U/F315  68   7 997 2        5 997 2      997 997 2      997  32 2        0                                     
222614315  50  03U/F315  68   8 997 2        6 997 2      997 997 2      997  32 2        0                                     
222617270  10  01U/F  0   0   0 997 2        0 997 2      997 997 2      997   0 2        0                                     
222708315  50  03  F315   0   7 997 2        5 997 2      997 997 2      997 998 2        0                                     
222711270  40  02U/F  0  68   6 997 2        4 997 2      997 997 2      997  40 2        0                                     
222714293  30  02U/F  0  68   7 997 2        5 997 2      997 997 2      997 998 2        0                                     
222717  C   0  01U/F  0   0   0 997 2        0 997 2      997 997 2      997   0 2        0                                     
222808  C   0  01U/F  0   0   0 997 2        0 997 2      997 997 2      997   0 2        0                                     
222811  C   0  01U/F  0   0   0 997 2        0 997 2      997 997 2      997   0 2        0                                     
222814225  10  01U/F  0   0   0 997 2        0 997 2      997 997 2      997   0 2        0                                     
222817  C   0  01U/F  0   0   0 997 2        0 997 2      997 997 2      997   0 2        0                                     
222908293  60  03  F293   0   7 997 2        5 997 2      997 997 2      997  28 2        0                                     
222911315  90  03  F315   0   9 997 2        7 997 2      997 997 2      997  25 2        0                                     
222914315 120  04  F315   0  14 997 2       11 997 2      997 997 2      997  26 2        0                                     
222917338 120  04  F338   0  16 997 2       13 997 2      997 997 2      997  28 2        0                                     
223008 68  70  03U/F 68  68   9 997 2        7 997 2      997 997 2      997  30 2        0                                     
223011 45  70  03U/F 45  68  10 997 2        8 997 2      997 997 2      997  34 2        0                                     
223014 45  80  03F/U 45  68  10 997 2        8 997 2      997 997 2      997  24 2        0                                     
223017 45 100  03  F 45   0  13 997 2       11 997 2      997 997 2      997  24 2        0                                     
223108360  90  03  F360   0  13 997 2       11 997 2      997 997 2      997  24 2        0                                     
223111360  80  03F/U360  45  12 997 2       10 997 2      997 997 2      997 998 2        0                                     
223114 23 100  03F/U 23  45  14 997 2       12 997 2      997 997 2      997  28 2        0                                     
213117360 100  03F/U360  45  13 997 2       11 997 2      997 997 2      997  27 2        0                                     
