12 0004                31060N122080E199801        0   0  0  0  0  01  02                                                        
220108293 150  24  F293   0  15 997 2       13 997 2      997 997 2      997  33 2        0                                     
220111338 110  24  F338   0  16 997 2       14 997 2      997 997 2      997  36 2        0                                     
220114315 100  23  F315   0  15 997 2       13 997 2      997 997 2      997  36 2        0                                     
220117360  60  23  F360   0   9 997 2        7 997 2      997 997 2      997  29 2        0                                     
220208  0   0  21U/F  0   0   0 997 2        0 997 2      997 997 2      997   0 2        0                                     
220211158  30  21U/F158  68   6 997 2        4 997 2      997 997 2      997  35 2        0                                     
220214158  50  21U/F158  68   6 997 2        4 997 2      997 997 2      997  42 2        0                                     
220217158  30  21U/F  0   0   0 997 2        0 997 2      997 997 2      997   0 2        0                                     
220308180  50  21U/F180  68   6 997 2        4 997 2      997 997 2      997  38 2        0                                     
220311158  30  21U/F158  68   6 997 2        4 997 2      997 997 2      997 998 2        0                                     
220314  0   0  21U/F  0   0   0 997 2        0 997 2      997 997 2      997   0 2        0                                     
220317315  90  23  F315   0  11 997 2        9 997 2      997 997 2      997  31 2        0                                     
220408338 160  25  F315   0  18 997 2       15 997 2      997 997 2      997  36 2        0                                     
220411315 110  24  F315   0  17 997 2       15 997 2      997 997 2      997  34 2        0                                     
220414315 140  25  F315   0  18 997 2       16 997 2      997 997 2      997 998 2        0                                     
220417315 100  24  F315   0  17 997 2       15 997 2      997 997 2      997 998 2        0                                     
220508315 100  24  F315   0  14 997 2       11 997 2      997 997 2      997  32 2        0                                     
220511248  90  23  F248   0  11 997 2        9 997 2      997 997 2      997  31 2        0                                     
220514315  60  23  F315   0  12 997 2        9 997 2      997 997 2      997  32 2        0                                     
220517293  40  22U/F293  45   7 997 2        5 997 2      997 997 2      997  36 2        0                                     
220608293  40  21U/F  0   0   0 997 2        0 997 2      997 997 2      997   0 2        0                                     
220611998 998  2++++998 998 998 997 2      998 997 2      997 997 2      997 998 2        0                                     
220614360  40  22U/F360  68   6 997 2        4 997 2      997 997 2      997  54 2        0                                     
220617 45  40  22F/U 45  68   6 997 2        4 997 2      997 997 2      997  22 2        0                                     
220708135  80  23F/U135 113   9 997 2        7 997 2      997 997 2      997  26 2        0                                     
220711158  80  23F/U158 113  11 997 2        9 997 2      997 997 2      997  30 2        0                                     
220714135  70  23U/F158 135  12 997 2       10 997 2      997 997 2      997  37 2        0                                     
220717113  60  22U/F113 158  11 997 2        9 997 2      997 997 2      997  41 2        0                                     
220808270 120  24  F270   0  15 997 2       12 997 2      997 997 2      997  37 2        0                                     
220811293 140  24  F293   0  18 997 2       15 997 2      997 997 2      997  37 2        0                                     
220814293 100  23  F293   0  15 997 2       12 997 2      997 997 2      997  31 2        0                                     
220817315 110  24  F315   0  17 997 2       14 997 2      997 997 2      997  33 2        0                                     
220908 23  30  22U/F 23  68   7 997 2        5 997 2      997 997 2      997  39 2        0                                     
220911135  50  23U/F113  68   8 997 2        6 997 2      997 997 2      997  42 2        0                                     
220914 90  60  23U/F 90  90   9 997 2        7 997 2      997 997 2      997  40 2        0                                     
220917 90  90  23F/U 90  90  12 997 2       10 997 2      997 997 2      997  30 2        0                                     
221008 90  70  23U/F 90  90  12 997 2       10 997 2      997 997 2      997  45 2        0                                     
221011 90  60  22U/F 90  90  12 997 2       10 997 2      997 997 2      997  43 2        0                                     
221014 90  50  22U/F 68  90  11 997 2        9 997 2      997 997 2      997  44 2        0                                     
221017 90  90  23U/F 90  90  14 997 2       12 997 2      997 997 2      997  42 2        0                                     
221108 23 120  24  F 23   0  12 997 2       10 997 2      997 997 2      997  31 2        0                                     
221111360  90  23F/U360  90  11 997 2        9 997 2      997 997 2      997  31 2        0                                     
221114315 110  23  F315   0  11 997 2        9 997 2      997 997 2      997  26 2        0                                     
221117315 110  23  F315   0  10 997 2        8 997 2      997 997 2      997  25 2        0                                     
221208338  90  24U/F338  68  18 997 2       15 997 2      997 997 2      997  43 2        0                                     
221211360  70  24  F360   0  14 997 2       12 997 2      997 997 2      997  30 2        0                                     
221214360  80  24  F360   0  16 997 2       14 997 2      997 997 2      997  31 2        0                                     
221217 23  80  23  F 23   0  12 997 2       10 997 2      997 997 2      997  29 2        0                                     
221308 68 110  24  F 68   0  18 997 2       15 997 2      997 997 2      997  33 2        0                                     
221311 68 110  23  F 90   0  19 997 2       16 997 2      997 997 2      997  36 2        0                                     
221314 90 100  23U/F 90  90  17 997 2       15 997 2      997 997 2      997  43 2        0                                     
221317 23  80  23U/F 23  45  16 997 2       14 997 2      997 997 2      997  35 2        0                                     
221408 68 110  23  F 68   0  12 997 2       10 997 2      997 997 2      997  29 2        0                                     
221411 23 100  23  F 45   0  13 997 2       11 997 2      997 997 2      997  33 2        0                                     
221414 45 100  23F/U 45  90  12 997 2       10 997 2      997 997 2      997  31 2        0                                     
221417 45 150  24  F 45   0  18 997 2       15 997 2      997 997 2      997  35 2        0                                     
221508338 170  24  F338   0  19 997 2       16 997 2      997 997 2      997  26 2        0                                     
221511338 140  24F/U338  45  18 997 2       15 997 2      997 997 2      997  37 2        0                                     
221514338 150  24  F338   0  18 997 2       15 997 2      997 997 2      997  33 2        0                                     
221517338 140  24  F338   0  17 997 2       15 997 2      997 997 2      997 998 2        0                                     
221608360 120  23  F360   0  13 997 2       11 997 2      997 997 2      997  30 2        0                                     
221611 23  70  23  F 23   0  10 997 2        8 997 2      997 997 2      997  26 2        0                                     
221614 45  70  22U/F 45  68  13 997 2       11 997 2      997 997 2      997  56 2        0                                     
221617 45  50  22U/F 45 113   7 997 2        5 997 2      997 997 2      997  67 2        0                                     
221708 68  90  23U/F 68  68  13 997 2       11 997 2      997 997 2      997  62 2        0                                     
221711 68  70  23U/F 68  68  17 997 2       14 997 2      997 997 2      997 998 2        0                                     
221714360 120  23U/F360  68  18 997 2       15 997 2      997 997 2      997 998 2        0                                     
221717338 150  24F/U338  68  19 997 2       16 997 2      997 997 2      997 998 2        0                                     
221808315 150  24  F315   0  16 997 2       14 997 2      997 997 2      997 998 2        0                                     
221811315 160  24  F315   0  18 997 2       15 997 2      997 997 2      997 998 2        0                                     
221814315 160  24  F315   0  19 997 2       16 997 2      997 997 2      997 998 2        0                                     
221817315 160  24  F315   0  19 997 2       16 997 2      997 997 2      997 998 2        0                                     
221908315 120  24  F315   0  16 997 2       14 997 2      997 997 2      997  27 2        0                                     
221911338  90  24  F338   0  14 997 2       12 997 2      997 997 2      997 998 2        0                                     
221914338 100  24  F338   0  17 997 2       14 997 2      997 997 2      997 998 2        0                                     
221917360  60  23F/U360  68   8 997 2        6 997 2      997 997 2      997  28 2        0                                     
222008293  20  21U/F  0   0   0 997 2        0 997 2      997 997 2      997   0 2        0                                     
222011270  20  21U/F  0   0   0 997 2        0 997 2      997 997 2      997   0 2        0                                     
222014270  50  22  F270   0   8 997 2        6 997 2      997 997 2      997  35 2        0                                     
222017338  50  22  F338   0   9 997 2        6 997 2      997 997 2      997 998 2        0                                     
222108338  50  22  F338   0   7 997 2        5 997 2      997 997 2      997  27 2        0                                     
222111293  50  21U/F  0   0   0 997 2        0 997 2      997 997 2      997 998 2        0                                     
222114293  30  22  F293   0   5 997 2        3 997 2      997 997 2      997 998 2        0                                     
222117 45  30  21U/F  0   0   0 997 2        0 997 2      997 997 2      997   0 2        0                                     
222208338  50  23  F338   0   8 997 2        6 997 2      997 997 2      997  24 2        0                                     
222211338  70  23U/F338  45   9 997 2        7 997 2      997 997 2      997  37 2        0                                     
222214 45  50  22U/F 45  45   7 997 2        5 997 2      997 997 2      997 998 2        0                                     
222217360 100  23  F360   0  14 997 2       12 997 2      997 997 2      997  33 2        0                                     
222308315 100  24  F315   0  17 997 2       14 997 2      997 997 2      997  39 2        0                                     
222311360 140  24  F360   0  16 997 2       14 997 2      997 997 2      997  34 2        0                                     
222314360 110  24  F360   0  13 997 2       11 997 2      997 997 2      997  28 2        0                                     
222317 23 100  24  F 23   0  12 997 2       10 997 2      997 997 2      997  27 2        0                                     
222408315 140  25  F315   0  18 997 2       16 997 2      997 997 2      997 998 2        0                                     
222411315 110  24  F315   0  16 997 2       14 997 2      997 997 2      997  34 2        0                                     
222414315 100  23  F315   0  11 997 2        9 997 2      997 997 2      997  31 2        0                                     
222417315 100  23  F315   0   9 997 2        7 997 2      997 997 2      997  27 2        0                                     
222508338  70  23F/U338  45   9 997 2        7 997 2      997 997 2      997  30 2        0                                     
222511338  70  23U/F338  45   9 997 2        7 997 2      997 997 2      997 998 2        0                                     
222514293  70  22F/U293  45   6 997 2        4 997 2      997 997 2      997  22 2        0                                     
222517338  30  21U/F338  45   6 997 2        4 997 2      997 997 2      997  48 2        0                                     
222608315  50  22U/F315  45   5 997 2        3 997 2      997 997 2      997 998 2        0                                     
222611360  50  22U/F360  45   5 997 2        3 997 2      997 997 2      997 998 2        0                                     
222614  0   0  21U/F  0   0   0 997 2        0 997 2      997 997 2      997   0 2        0                                     
222617113  40  21U/F  0   0   0 997 2        0 997 2      997 997 2      997   0 2        0                                     
222708 48  30  21U/F  0   0   0 997 2        0 997 2      997 997 2      997 998 2        0                                     
222711113  50  21U/F  0   0   0 997 2        0 997 2      997 997 2      997 998 2        0                                     
222714 68  40  21U/F  0   0   0 997 2        0 997 2      997 997 2      997   0 2        0                                     
222717 45  40  21U/F  0   0   0 997 2        0 997 2      997 997 2      997   0 2        0                                     
222808315 100  24  F315   0  17 997 2       14 997 2      997 997 2      997  38 2        0                                     
222811338  80  24  F338   0  16 997 2       14 997 2      997 997 2      997  37 2        0                                     
222814338  80  24  F338   0  15 997 2       12 997 2      997 997 2      997 998 2        0                                     
222817338 100  23  F338   0   9 997 2        7 997 2      997 997 2      997  28 2        0                                     
222908315  80  23U/F315  45   9 997 2        7 997 2      997 997 2      997 998 2        0                                     
222911338  50  23F/U338  45  11 997 2        9 997 2      997 997 2      997  31 2        0                                     
222914360  30  22U/F360  45   7 997 2        5 997 2      997 997 2      997  35 2        0                                     
222917 68  30  21U/F  0   0   0 997 2        0 997 2      997 997 2      997   0 2        0                                     
223008180  10  21U/F180  68   5 997 2        4 997 2      997 997 2      997  38 2        0                                     
223011113  10  21U/F  0   0   0 997 2        0 997 2      997 997 2      997 998 2        0                                     
223014113  20  21U/F  0   0   0 997 2        0 997 2      997 997 2      997   0 2        0                                     
223017 90  30  22F/U 90  90   5 997 2        4 997 2      997 997 2      997  31 2        0                                     
223108 23  60  23  F 23   0   7 997 2        5 997 2      997 997 2      997  25 2        0                                     
223111 45  60  23  F 45   0   8 997 2        6 997 2      997 997 2      997  27 2        0                                     
223114 68  70  23  F 68   0   9 997 2        7 997 2      997 997 2      997  29 2        0                                     
213117 68  50  23  F 68   0   7 997 2        5 997 2      997 997 2      997  27 2        0                                     
