12 0004                30389N122041E199804      2648200 6212024529212641                                                        
220108315 120  04  F315   0  11 997 2        9 997 2      997 997 2      997  27 2        0                                     
220111315 140  04  F315   0  13 997 2       11 997 2      997 997 2      997  27 2        0                                     
220114315 160  05  F315   0  17 997 2       15 997 2      997 997 2      997 998 2        0                                     
220117315 140  05  F315   0  14 997 2       12 997 2      997 997 2      997 998 2        0                                     
220208315 110  04  F315   0  12 997 2       10 997 2      997 997 2      997  22 2        0                                     
220211338  80  04U/F338  45  13 997 2       11 997 2      997 997 2      997 998 2        0                                     
220214315  40  02U/F315  45  14 997 2       12 997 2      997 997 2      997  63 2        0                                     
220217 45  30  02U/F 45  68  14 997 2       12 997 2      997 997 2      997 998 2        0                                     
220308158  60  02F/U158  68   8 997 2        6 997 2      997 997 2      997  27 2        0                                     
220311158  90  03F/U158  68  12 997 2       10 997 2      997 997 2      997  28 2        0                                     
220314135 100  04F/U135  68  15 997 2       13 997 2      997 997 2      997  33 2        0                                     
220317135 130  04F/U135 113  17 997 2       15 997 2      997 997 2      997 998 2        0                                     
220408158  90  03  F158   0  10 997 2        8 997 2      997 997 2      997  28 2        0                                     
220411158  50  02  F158   0   7 997 2        5 997 2      997 997 2      997 998 2        0                                     
220414158 120  04F/U158 135  16 997 2       13 997 2      997 997 2      997  34 2        0                                     
220417158 130  04  F158   0  16 997 2       13 997 2      997 997 2      997  28 2        0                                     
220508180 110  04  F180   0  13 997 2       10 997 2      997 997 2      997  27 2        0                                     
220511158  70  03  F158   0   9 997 2        7 997 2      997 997 2      997  27 2        0                                     
220514158  70  03  F158   0   8 997 2        6 997 2      997 997 2      997  28 2        0                                     
220517203  50  03  F203   0   7 997 2        5 997 2      997 997 2      997  29 2        0                                     
220608338 100  03  F338   0  12 997 2       10 997 2      997 997 2      997  29 2        0                                     
220611338 100  03  F338   0  13 997 2       10 997 2      997 997 2      997  28 2        0                                     
220614338  70  03  F338   0   9 997 2        7 997 2      997 997 2      997  27 2        0                                     
220617360  70  03  F360   0   8 997 2        6 997 2      997 997 2      997  26 2        0                                     
220708113  50  03F/U113  90   7 997 2        5 997 2      997 997 2      997  29 2        0                                     
220711135  80  03  F135   0  10 997 2        8 997 2      997 997 2      997  28 2        0                                     
220714135  60  03  F135   0   8 997 2        6 997 2      997 997 2      997  28 2        0                                     
220717113  70  03  F113   0   9 997 2        7 997 2      997 997 2      997  28 2        0                                     
220808315  20  02U/F  0  90   6 997 2        4 997 2      997 997 2      997  40 2        0                                     
220811293  20  02U/F  0  90   6 997 2        4 997 2      997 997 2      997  42 2        0                                     
220814248  20  02U/F  0  90   5 997 2        4 997 2      997 997 2      997 998 2        0                                     
220817 68  30  02U/F  0  90   5 997 2        4 997 2      997 997 2      997  43 2        0                                     
220908  0   0  01U/F  0   0   0 997 2        0 997 2      997 997 2      997   0 2        0                                     
220911  0   0  01U/F  0   0   0 997 2        0 997 2      997 997 2      997   0 2        0                                     
220914158  20  01U/F  0   0   0 997 2        0 997 2      997 997 2      997   0 2        0                                     
220917  0   0  01U/F  0   0   0 997 2        0 997 2      997 997 2      997   0 2        0                                     
221008 90  70  03F/U 90  90   9 997 2        7 997 2      997 997 2      997  25 2        0                                     
221011113  70  03  F113   0   9 997 2        7 997 2      997 997 2      997  25 2        0                                     
221014113  60  03  F113   0   8 997 2        6 997 2      997 997 2      997  26 2        0                                     
221017 68  30  02U/F  0  68   7 997 2        5 997 2      997 997 2      997  42 2        0                                     
221108113  60  03F/U113  90   8 997 2        6 997 2      997 997 2      997  30 2        0                                     
221111113  70  03  F113   0   8 997 2        6 997 2      997 997 2      997  28 2        0                                     
221114113  60  03  F113   0   8 997 2        6 997 2      997 997 2      997  29 2        0                                     
221117135 110  03F/U135 135  14 997 2       11 997 2      997 997 2      997  31 2        0                                     
221208180  30  02U/F  0 113   6 997 2        4 997 2      997 997 2      997 998 2        0                                     
221211158  30  02U/F158 113   6 997 2        4 997 2      997 997 2      997  26 2        0                                     
221214158  40  02U/F158 113   6 997 2        4 997 2      997 997 2      997  30 2        0                                     
221217315  80  03  F315   0   8 997 2        6 997 2      997 997 2      997  25 2        0                                     
221308315  40  02U/F  0  90   7 997 2        5 997 2      997 997 2      997 998 2        0                                     
221311135  30  02U/F  0 113   6 997 2        4 997 2      997 997 2      997  31 2        0                                     
221314158  40  02U/F  0 113   6 997 2        4 997 2      997 997 2      997 998 2        0                                     
221317158  40  02  F158   0   5 997 2        3 997 2      997 997 2      997  28 2        0                                     
221408225  40  02  F225   0   4 997 2        3 997 2      997 997 2      997  27 2        0                                     
221411293  60  03  F293   0   7 997 2        5 997 2      997 997 2      997  28 2        0                                     
221414 23  30  02U/F  0  68   4 997 2        3 997 2      997 997 2      997  37 2        0                                     
221417360  30  02U/F  0  68   4 997 2        3 997 2      997 997 2      997 998 2        0                                     
221508270  50  02  F270   0   5 997 2        4 997 2      997 997 2      997  27 2        0                                     
221511203  20  02U/F  0 158   4 997 2        3 997 2      997 997 2      997  37 2        0                                     
221514203  20  02U/F  0 158   5 997 2        3 997 2      997 997 2      997 998 2        0                                     
221517203  40  02U/F  0 158   7 997 2        5 997 2      997 997 2      997 998 2        0                                     
221608158  80  03F/U158 135  11 997 2        9 997 2      997 997 2      997  30 2        0                                     
221611158  60  03U/F158 135  10 997 2        8 997 2      997 997 2      997 998 2        0                                     
221614158  80  03U/F158 135  11 997 2        9 997 2      997 997 2      997  34 2        0                                     
221617158  70  03U/F158 135  10 997 2        8 997 2      997 997 2      997  32 2        0                                     
221708248  60  03  F248   0   7 997 2        5 997 2      997 997 2      997  22 2        0                                     
221711270  30  02  F270   0   5 997 2        3 997 2      997 997 2      997 998 2        0                                     
221714248  30  02  F248   0   6 997 2        4 997 2      997 997 2      997  23 2        0                                     
221717 23  70  03  F 23   0   9 997 2        7 997 2      997 997 2      997 998 2        0                                     
221808158  20  02F/U158 135   4 997 2        2 997 2      997 997 2      997  28 2        0                                     
221811158  40  02U/F158 135   7 997 2        5 997 2      997 997 2      997 998 2        0                                     
221814135  40  02U/F135 135   7 997 2        5 997 2      997 997 2      997  32 2        0                                     
221817135  80  03U/F135 135  10 997 2        8 997 2      997 997 2      997 998 2        0                                     
221908158  50  03F/U158 135   8 997 2        6 997 2      997 997 2      997  26 2        0                                     
221911158  30  02U/F158 135   7 997 2        5 997 2      997 997 2      997  33 2        0                                     
221914158  60  03U/F158 135   9 997 2        7 997 2      997 997 2      997  41 2        0                                     
221917135  80  03U/F135 135  10 997 2        8 997 2      997 997 2      997 998 2        0                                     
222008158  50  03U/F158 135   9 997 2        7 997 2      997 997 2      997 998 2        0                                     
222011158  40  02U/F158 135   8 997 2        6 997 2      997 997 2      997  36 2        0                                     
222014158 100  03U/F158 135  13 997 2       10 997 2      997 997 2      997 998 2        0                                     
222017158  90  03U/F158 135  12 997 2        9 997 2      997 997 2      997  34 2        0                                     
222108180  30  02U/F180 135   7 997 2        5 997 2      997 997 2      997 998 2        0                                     
222111180  40  02U/F180 135   7 997 2        5 997 2      997 997 2      997 998 2        0                                     
222114158  40  02U/F158 135   7 997 2        5 997 2      997 997 2      997  32 2        0                                     
222117135  80  03U/F135 135  10 997 2        8 997 2      997 997 2      997  36 2        0                                     
222208135  70  03U/F158 135   9 997 2        7 997 2      997 997 2      997 998 2        0                                     
222211158  60  03U/F158 135   9 997 2        7 997 2      997 997 2      997  34 2        0                                     
222214158  40  02U/F158 135   7 997 2        5 997 2      997 997 2      997  35 2        0                                     
222217135  20  02U/F158 135   7 997 2        5 997 2      997 997 2      997 998 2        0                                     
222308203  70  03U/F203 135  10 997 2        8 997 2      997 997 2      997  33 2        0                                     
222311203  40  02U/F203 135   7 997 2        5 997 2      997 997 2      997 998 2        0                                     
222314203  50  02U/F203 135   7 997 2        5 997 2      997 997 2      997  31 2        0                                     
222317203  50  02U/F203 135   7 997 2        5 997 2      997 997 2      997  34 2        0                                     
222408248  20  02U/F248 158   6 997 2        4 997 2      997 997 2      997  35 2        0                                     
222411225  30  01U/F  0   0   0 997 2        0 997 2      997 997 2      997   0 2        0                                     
222414338 150  04  F338   0  17 997 2       15 997 2      997 997 2      997 998 2        0                                     
222417338 150  05  F338   0  17 997 2       15 997 2      997 997 2      997 998 2        0                                     
222508338 110  04  F338   0  15 997 2       12 997 2      997 997 2      997 998 2        0                                     
222511338  70  03  F338   0  10 997 2        8 997 2      997 997 2      997 998 2        0                                     
222514 23  60  03F/U 23  45   9 997 2        7 997 2      997 997 2      997 998 2        0                                     
222517 23  60  03F/U 23  45   7 997 2        5 997 2      997 997 2      997  22 2        0                                     
222608113  70  03U/F113 135  10 997 2        8 997 2      997 997 2      997  32 2        0                                     
222611135  90  03F/U113 135  11 997 2        9 997 2      997 997 2      997  30 2        0                                     
222614135 110  03  F135   0  14 997 2       12 997 2      997 997 2      997 998 2        0                                     
222617135 100  04  F135   0  16 997 2       14 997 2      997 997 2      997  37 2        0                                     
222708113  80  03U/F113  68   9 997 2        7 997 2      997 997 2      997  37 2        0                                     
222711113 110  03F/U113  68   7 997 2        5 997 2      997 997 2      997  27 2        0                                     
222714113  70  03F/U113  68   9 997 2        7 997 2      997 997 2      997 998 2        0                                     
222717113  80  03U/F113  68  11 997 2        9 997 2      997 997 2      997  45 2        0                                     
222808158  50  02U/F158 113   7 997 2        5 997 2      997 997 2      997  39 2        0                                     
222811158  90  03F/U158 135   8 997 2        6 997 2      997 997 2      997  29 2        0                                     
222814113  50  01U/F  0   0   0 997 2        0 997 2      997 997 2      997   0 2        0                                     
222817135  70  03  F135   0   9 997 2        7 997 2      997 997 2      997  31 2        0                                     
222908113  90  03  F113   0  10 997 2        8 997 2      997 997 2      997  33 2        0                                     
222911113  90  03  F113   0   9 997 2        7 997 2      997 997 2      997  30 2        0                                     
222914113 110  03  F113   0  10 997 2        8 997 2      997 997 2      997  32 2        0                                     
222917113 100  03  F113   0  12 997 2       10 997 2      997 997 2      997  32 2        0                                     
223008135  70  03  F135   0   8 997 2        6 997 2      997 997 2      997  28 2        0                                     
223011135  70  03U/F135  68   7 997 2        5 997 2      997 997 2      997 998 2        0                                     
223014135  70  03F/U135  68   9 997 2        7 997 2      997 997 2      997 998 2        0                                     
213017135 110  04  F135   0  15 997 2       13 997 2      997 997 2      997  36 2        0                                     
