12 0004                30389N122041E199802      2648200 6212024529212641                                                        
220108338  70  03  F338   0   9 997 2        7 997 2      997 997 2      997  28 2        0                                     
220111360  80  03  F360   0  10 997 2        8 997 2      997 997 2      997  27 2        0                                     
220114 23  70  03F/U 23  23  10 997 2        8 997 2      997 997 2      997  30 2        0                                     
220117360  80  03  F360   0  10 997 2        8 997 2      997 997 2      997  28 2        0                                     
220208360  70  03F/U360  68  10 997 2        7 997 2      997 997 2      997  31 2        0                                     
220211 23  70  03F/U 23  45  10 997 2        8 997 2      997 997 2      997  37 2        0                                     
220214360  60  03F/U360  45   8 997 2        6 997 2      997 997 2      997  33 2        0                                     
220217 45  30  02U/F  0  45   6 997 2        4 997 2      997 997 2      997  54 2        0                                     
220308 23  70  03  F 23   0   8 997 2        6 997 2      997 997 2      997  28 2        0                                     
220311360  80  03  F360   0   9 997 2        7 997 2      997 997 2      997  29 2        0                                     
220314360  70  03  F360   0   9 997 2        7 997 2      997 997 2      997  26 2        0                                     
220317360  90  03  F360   0  13 997 2       10 997 2      997 997 2      997 998 2        0                                     
220408338 130  04  F338   0  16 997 2       13 997 2      997 997 2      997  29 2        0                                     
220411338 120  04  F338   0  15 997 2       12 997 2      997 997 2      997  25 2        0                                     
220414338 120  04  F338   0  15 997 2       12 997 2      997 997 2      997  25 2        0                                     
220417360 120  04  F360   0  15 997 2       12 997 2      997 997 2      997  26 2        0                                     
220508293  80  03  F293   0  10 997 2        8 997 2      997 997 2      997  28 2        0                                     
220511315  90  03  F315   0  10 997 2        8 997 2      997 997 2      997  29 2        0                                     
220514315  90  03  F315   0  11 997 2        9 997 2      997 997 2      997 998 2        0                                     
220517 23  80  03F/U 23  45  10 997 2        8 997 2      997 997 2      997  29 2        0                                     
220608293  40  02  F293   0   6 997 2        4 997 2      997 997 2      997  26 2        0                                     
220611270  50  02  F270   0   6 997 2        4 997 2      997 997 2      997  25 2        0                                     
220614203  30  01U/F  0   0   0 997 2        0 997 2      997 997 2      997   0 2        0                                     
220617180  50  03  F180   0   6 997 2        5 997 2      997 997 2      997  25 2        0                                     
220708248  60  03  F248   0   7 997 2        5 997 2      997 997 2      997  28 2        0                                     
220711225  60  03  F225   0   7 997 2        5 997 2      997 997 2      997  26 2        0                                     
220714293  70  03  F293   0   8 997 2        6 997 2      997 997 2      997  24 2        0                                     
220717315  60  03  F315   0   7 997 2        5 997 2      997 997 2      997  27 2        0                                     
220808 23  70  03F/U 23  45   8 997 2        6 997 2      997 997 2      997  36 2        0                                     
220811360  70  03  F360   0   8 997 2        6 997 2      997 997 2      997 998 2        0                                     
220814 23  50  03F/U 23  45   8 997 2        6 997 2      997 997 2      997  28 2        0                                     
220817 45  50  03  F 45   0   8 997 2        6 997 2      997 997 2      997  26 2        0                                     
220908158 110  03F/U158 158  13 997 2       11 997 2      997 997 2      997  26 2        0                                     
220911180  50  03F/U180 158   8 997 2        6 997 2      997 997 2      997 998 2        0                                     
220914203  80  03  F203   0   9 997 2        7 997 2      997 997 2      997  27 2        0                                     
220917203  50  02U/F203 135   8 997 2        6 997 2      997 997 2      997  38 2        0                                     
221008 23  60  03F/U 23  45   9 997 2        7 997 2      997 997 2      997 998 2        0                                     
221011360  20  03U/F 23  45   7 997 2        5 997 2      997 997 2      997  44 2        0                                     
221014 23  40  02U/F 23  68   6 997 2        4 997 2      997 997 2      997  39 2        0                                     
221017 45  10  01U/F  0   0   0 997 2        0 997 2      997 997 2      997   0 2        0                                     
221108158  70  03U/F158 113  10 997 2        8 997 2      997 997 2      997 998 2        0                                     
221111158  80  03U/F158 135  11 997 2        9 997 2      997 997 2      997  39 2        0                                     
221114180  70  03U/F180 158   9 997 2        7 997 2      997 997 2      997 998 2        0                                     
221117158  60  03F/U158 135   8 997 2        6 997 2      997 997 2      997  27 2        0                                     
221208203  30  02U/F  0 113   6 997 2        4 997 2      997 997 2      997  43 2        0                                     
221211203  20  01U/F  0   0   0 997 2        0 997 2      997 997 2      997   0 2        0                                     
221214180  20  01U/F  0   0   0 997 2        0 997 2      997 997 2      997   0 2        0                                     
221217113  50  02F/U113 135   6 997 2        4 997 2      997 997 2      997  27 2        0                                     
221308113  50  03U/F113 113   8 997 2        6 997 2      997 997 2      997 998 2        0                                     
221311135  50  03U/F135 113   8 997 2        6 997 2      997 997 2      997 998 2        0                                     
221314180  40  02U/F  0 113   6 997 2        4 997 2      997 997 2      997  53 2        0                                     
221317270 100  03F/U293   0   7 997 2        5 997 2      997 997 2      997  22 2        0                                     
221408338  90  03  F338   0  10 997 2        8 997 2      997 997 2      997 998 2        0                                     
221411338 100  04  F338   0  13 997 2       11 997 2      997 997 2      997  24 2        0                                     
221414338 100  04F/U338  45  14 997 2       11 997 2      997 997 2      997  25 2        0                                     
221417338  90  04F/U338  45  13 997 2       11 997 2      997 997 2      997 998 2        0                                     
221508360  30  02F/U360   0   6 997 2        4 997 2      997 997 2      997  20 2        0                                     
221511  0   0  01U/F  0   0   0 997 2        0 997 2      997 997 2      997   0 2        0                                     
221514180  10  02U/F158  90   5 997 2        3 997 2      997 997 2      997  53 2        0                                     
221517113  20  02U/F113  90   6 997 2        4 997 2      997 997 2      997  53 2        0                                     
221608 90  60  03F/U 90 113   9 997 2        7 997 2      997 997 2      997  23 2        0                                     
221611 90  90  03F/U 90 113  13 997 2       10 997 2      997 997 2      997 998 2        0                                     
221614 90  90  03F/U 90 113  13 997 2       10 997 2      997 997 2      997 998 2        0                                     
221617 90 100  04  F 90   0  14 997 2       11 997 2      997 997 2      997 998 2        0                                     
221708 45  60  03F/U 45   0   7 997 2        5 997 2      997 997 2      997  21 2        0                                     
221711 45 100  04F/U 45  68  14 997 2       12 997 2      997 997 2      997  28 2        0                                     
221714 45  90  04F/U 45  68  14 997 2       12 997 2      997 997 2      997  30 2        0                                     
221717 68  90  04F/U 68  68  13 997 2       10 997 2      997 997 2      997  25 2        0                                     
221808 90 100  04F/U 90 113  13 997 2       11 997 2      997 997 2      997  20 2        0                                     
221811 90 110  04F/U 90 113  15 997 2       12 997 2      997 997 2      997  27 2        0                                     
221814 90 110  04F/U 90 113  14 997 2       11 997 2      997 997 2      997  25 2        0                                     
221817 90 100  04F/U 90 113  14 997 2       11 997 2      997 997 2      997  28 2        0                                     
221908225  30  02U/F  0 135   6 997 2        4 997 2      997 997 2      997  44 2        0                                     
221911248  40  02U/F  0 135   6 997 2        4 997 2      997 997 2      997  38 2        0                                     
221914338  30  01U/F338  90   6 997 2        4 997 2      997 997 2      997 998 2        0                                     
221917293  80  02U/F293  90   6 997 2        4 997 2      997 997 2      997  34 2        0                                     
222008293 100  03  F293   0  10 997 2        8 997 2      997 997 2      997  27 2        0                                     
222011293 100  04  F293   0  12 997 2       10 997 2      997 997 2      997  28 2        0                                     
222014293  70  03U/F293  68   9 997 2        7 997 2      997 997 2      997 998 2        0                                     
222017315  90  03F/U315  68  14 997 2       12 997 2      997 997 2      997  33 2        0                                     
222108338 110  05  F338   0  19 997 2       16 997 2      997 997 2      997  44 2        0                                     
222111338 130  05  F338   0  17 997 2       15 997 2      997 997 2      997  41 2        0                                     
222114315 120  04  F315   0  15 997 2       13 997 2      997 997 2      997 998 2        0                                     
222117315 140  05  F315   0  18 997 2       16 997 2      997 997 2      997 998 2        0                                     
222208293  80  04  F293   0  15 997 2       13 997 2      997 997 2      997 998 2        0                                     
222211293  80  03  F293   0  12 997 2       10 997 2      997 997 2      997  31 2        0                                     
222214315  90  03  F315   0  10 997 2        8 997 2      997 997 2      997  28 2        0                                     
222217315  80  03U/F315  45  14 997 2       12 997 2      997 997 2      997 998 2        0                                     
222308338  60  03F/U338  45   8 997 2        6 997 2      997 997 2      997  28 2        0                                     
222311338  80  03U/F338  45   9 997 2        7 997 2      997 997 2      997 998 2        0                                     
222314315  60  03U/F315  45   8 997 2        6 997 2      997 997 2      997 998 2        0                                     
222317315  60  02U/F315  45   9 997 2        7 997 2      997 997 2      997  50 2        0                                     
222408338  80  03F/U338  45  10 997 2        8 997 2      997 997 2      997  32 2        0                                     
222411338  70  03F/U338  45  12 997 2       10 997 2      997 997 2      997 998 2        0                                     
222414338  90  03F/U338  45  11 997 2        9 997 2      997 997 2      997  31 2        0                                     
222417360 110  03  F360   0  14 997 2       12 997 2      997 997 2      997  33 2        0                                     
222508315 100  03  F315   0  13 997 2       11 997 2      997 997 2      997 998 2        0                                     
222511315  60  03  F315   0  10 997 2        8 997 2      997 997 2      997  27 2        0                                     
222514315  90  03  F315   0  10 997 2        8 997 2      997 997 2      997  28 2        0                                     
222517360  50  02  F360   0   5 997 2        4 997 2      997 997 2      997  20 2        0                                     
222608338  40  01U/F  0   0   0 997 2        0 997 2      997 997 2      997   0 2        0                                     
222611  0   0  01U/F  0   0   0 997 2        0 997 2      997 997 2      997   0 2        0                                     
222614  0   0  01U/F  0   0   0 997 2        0 997 2      997 997 2      997   0 2        0                                     
222617180  30  01U/F  0   0   0 997 2        0 997 2      997 997 2      997   0 2        0                                     
222708225  30  01U/F  0   0   0 997 2        0 997 2      997 997 2      997   0 2        0                                     
222711270  30  01U/F  0   0   0 997 2        0 997 2      997 997 2      997   0 2        0                                     
222714360  80  03  F360   0   8 997 2        6 997 2      997 997 2      997  27 2        0                                     
222717360  80  03  F360   0   9 997 2        7 997 2      997 997 2      997 998 2        0                                     
222808338 100  03U/F338  45  12 997 2       10 997 2      997 997 2      997  44 2        0                                     
222811360  80  03F/U360  45  14 997 2       12 997 2      997 997 2      997  33 2        0                                     
222814360 120  04  F360   0  16 997 2       14 997 2      997 997 2      997 998 2        0                                     
212817360 140  05  F360   0  18 997 2       16 997 2      997 997 2      997 998 2        0                                     
