12 0004                30389N122041E199803      2648200 6212024529212641                                                        
220108360  70  03U/F360  45   9 997 2        7 997 2      997 997 2      997 998 2        0                                     
220111360  60  03F/U360  45   8 997 2        6 997 2      997 997 2      997  26 2        0                                     
220114360  50  03U/F360  45   7 997 2        5 997 2      997 997 2      997  37 2        0                                     
220117360  60  03F/U360  45   9 997 2        7 997 2      997 997 2      997  27 2        0                                     
220208 90  40  01U/F  0   0   0 997 2        0 997 2      997 997 2      997   0 2        0                                     
220211 90  30  01U/F 90  45   4 997 2        3 997 2      997 997 2      997 998 2        0                                     
220214 90  40  02U/F 90  90   6 997 2        4 997 2      997 997 2      997  55 2        0                                     
220217113  50  02U/F113  90   7 997 2        5 997 2      997 997 2      997 998 2        0                                     
220308 90  60  03F/U 90  90   7 997 2        5 997 2      997 997 2      997  30 2        0                                     
220311 90  80  03  F 90   0  10 997 2        8 997 2      997 997 2      997  27 2        0                                     
220314 90  70  03F/U 90 113   9 997 2        7 997 2      997 997 2      997  30 2        0                                     
220317 90  70  03F/U 90  90   9 997 2        7 997 2      997 997 2      997 998 2        0                                     
220408 68  60  03U/F 68  90   8 997 2        6 997 2      997 997 2      997  32 2        0                                     
220411 68  90  03F/U 68  68  13 997 2       10 997 2      997 997 2      997  34 2        0                                     
220414 68 100  03F/U 68  68  14 997 2       11 997 2      997 997 2      997  35 2        0                                     
220417 45  90  03F/U 45  45  14 997 2       11 997 2      997 997 2      997  35 2        0                                     
220508 23  60  03U/F 23  45   9 997 2        7 997 2      997 997 2      997  31 2        0                                     
220511360  60  03U/F360  45  10 997 2        8 997 2      997 997 2      997  31 2        0                                     
220514360  30  02U/F  0  90  10 997 2        8 997 2      997 997 2      997  60 2        0                                     
220517  0   0  02U/F  0  90  18 997 2       15 997 2      997 997 2      997 998 2        0                                     
220608135  70  03U/F135 113  12 997 2       10 997 2      997 997 2      997  32 2        0                                     
220611 90  80  03U/F 90  90  13 997 2       10 997 2      997 997 2      997  34 2        0                                     
220614 90  80  03U/F 90  90  13 997 2       10 997 2      997 997 2      997  31 2        0                                     
220617 90  80  03F/U 90  90  12 997 2        9 997 2      997 997 2      997  34 2        0                                     
220708 68 120  04  F 68   0  16 997 2       13 997 2      997 997 2      997  29 2        0                                     
220711 68 100  03F/U 68  68  14 997 2       11 997 2      997 997 2      997  29 2        0                                     
220714 68  60  03U/F 68  68  10 997 2        8 997 2      997 997 2      997  32 2        0                                     
220717 45  60  03U/F 45  68  10 997 2        8 997 2      997 997 2      997 998 2        0                                     
220808 90 120  04F/U 90  90  17 997 2       14 997 2      997 997 2      997  32 2        0                                     
220811 68 110  04F/U 68  90  17 997 2       14 997 2      997 997 2      997 998 2        0                                     
220814 68  80  03U/F 68  68  14 997 2       11 997 2      997 997 2      997  31 2        0                                     
220817 68  80  03F/U 68  68  11 997 2        9 997 2      997 997 2      997  30 2        0                                     
220908 90  90  03F/U 90  90  13 997 2       10 997 2      997 997 2      997  30 2        0                                     
220911 90 100  03F/U 90  90  14 997 2       11 997 2      997 997 2      997  31 2        0                                     
220914113  60  03F/U113  90   9 997 2        7 997 2      997 997 2      997  33 2        0                                     
220917203  40  02U/F  0 113   7 997 2        5 997 2      997 997 2      997  41 2        0                                     
221008293  90  03F/U293  45  13 997 2       10 997 2      997 997 2      997 998 2        0                                     
221011293 110  04  F293   0  14 997 2       11 997 2      997 997 2      997  26 2        0                                     
221014270 120  04  F270   0  16 997 2       13 997 2      997 997 2      997  27 2        0                                     
221017270 130  04  F270   0  15 997 2       12 997 2      997 997 2      997  26 2        0                                     
221108338 130  04  F338   0  16 997 2       13 997 2      997 997 2      997  25 2        0                                     
221111315 110  04  F315   0  14 997 2       11 997 2      997 997 2      997  29 2        0                                     
221114315  90  03  F315   0  12 997 2        9 997 2      997 997 2      997  29 2        0                                     
221117315  90  03  F315   0  12 997 2        8 997 2      997 997 2      997  24 2        0                                     
221208315  80  03F/U315  68  10 997 2        8 997 2      997 997 2      997  33 2        0                                     
221211293  50  03U/F293  68   8 997 2        6 997 2      997 997 2      997  29 2        0                                     
221214248  10  01U/F  0  68   4 997 2        3 997 2      997 997 2      997  55 2        0                                     
221217225  20  01U/F  0  68   4 997 2        3 997 2      997 997 2      997  37 2        0                                     
221308248  60  03F/U248  90   8 997 2        6 997 2      997 997 2      997  30 2        0                                     
221311248  40  02  F248   0   6 997 2        4 997 2      997 997 2      997  25 2        0                                     
221314270 100  03  F270   0  12 997 2       10 997 2      997 997 2      997 998 2        0                                     
221317270  50  02  F270   0   5 997 2        3 997 2      997 997 2      997  20 2        0                                     
221408203  40  03F/U203 158   7 997 2        5 997 2      997 997 2      997  26 2        0                                     
221411203  40  02U/F203 158   6 997 2        4 997 2      997 997 2      997  34 2        0                                     
221414225  20  01U/F225 158   4 997 2        3 997 2      997 997 2      997 998 2        0                                     
221417225  80  03  F225   0   8 997 2        6 997 2      997 997 2      997  27 2        0                                     
221508 23  70  03  F 23   0   8 997 2        6 997 2      997 997 2      997  22 2        0                                     
221511 45  60  03U/F 45  68  10 997 2        8 997 2      997 997 2      997  37 2        0                                     
221514 90  60  03U/F 90  68  10 997 2        8 997 2      997 997 2      997 998 2        0                                     
221517135  60  03F/U135  68  12 997 2       10 997 2      997 997 2      997 998 2        0                                     
221608113  40  02U/F113  68   7 997 2        5 997 2      997 997 2      997  43 2        0                                     
221611113  30  02U/F113  68   7 997 2        5 997 2      997 997 2      997 998 2        0                                     
221614135  20  01U/F135  68   6 997 2        4 997 2      997 997 2      997  34 2        0                                     
221617 68  30  01U/F  0   0   0 997 2        0 997 2      997 997 2      997   0 2        0                                     
221708 90  50  03  F 90   0   8 997 2        6 997 2      997 997 2      997  27 2        0                                     
221711 90  50  02U/F 90 113   6 997 2        4 997 2      997 997 2      997 998 2        0                                     
221714 90  60  02  F 90   0   6 997 2        4 997 2      997 997 2      997  23 2        0                                     
221717113  60  03  F113   0   9 997 2        7 997 2      997 997 2      997  28 2        0                                     
221808135 140  04  F135   0  16 997 2       14 997 2      997 997 2      997  37 2        0                                     
221811135 130  04  F135   0  16 997 2       14 997 2      997 997 2      997 998 2        0                                     
221814135 140  05  F135   0  19 997 2       17 997 2      997 997 2      997 998 2        0                                     
221817158 130  04  F158   0  17 997 2       15 997 2      997 997 2      997  36 2        0                                     
221908203 140  05  F203   0  18 997 2       16 997 2      997 997 2      997  37 2        0                                     
221911225  90  03U/F225 158  15 997 2       13 997 2      997 997 2      997  39 2        0                                     
221914338 200  06  F338   0  23 997 2       19 997 2      997 997 2      997 998 2        0                                     
221917338 230  06  F338   0  27 997 2       24 997 2      997 997 2      997  43 2        0                                     
222008338 160  05  F338   0  18 997 2       16 997 2      997 997 2      997 998 2        0                                     
222011338 190  05  F338   0  20 997 2       18 997 2      997 997 2      997 998 2        0                                     
222014338 150  04  F338   0  17 997 2       15 997 2      997 997 2      997  35 2        0                                     
222017338 130  04  F338   0  16 997 2       14 997 2      997 997 2      997 998 2        0                                     
222108338 130  03  F338   0  11 997 2        9 997 2      997 997 2      997  26 2        0                                     
222111338 130  04  F338   0  15 997 2       13 997 2      997 997 2      997 998 2        0                                     
222114338 130  04  F338   0  16 997 2       14 997 2      997 997 2      997 998 2        0                                     
222117338 130  05  F338   0  20 997 2       18 997 2      997 997 2      997  38 2        0                                     
222208338  90  03  F338   0  13 997 2       11 997 2      997 997 2      997 998 2        0                                     
222211 23  80  03  F 23   0  10 997 2        7 997 2      997 997 2      997  28 2        0                                     
222214 45  70  03U/F 45  45  10 997 2        8 997 2      997 997 2      997 998 2        0                                     
222217 68  70  03U/F 68  45   8 997 2        6 997 2      997 997 2      997  38 2        0                                     
222308 68  70  03U/F 68  90  10 997 2        8 997 2      997 997 2      997 998 2        0                                     
222311 45  90  03F/U 45  90  12 997 2       10 997 2      997 997 2      997  32 2        0                                     
222314 68 100  04  F 68   0  14 997 2       12 997 2      997 997 2      997  33 2        0                                     
222317 68  90  03U/F 68  90  11 997 2        9 997 2      997 997 2      997  43 2        0                                     
222408 23  90  03  F 23   0  11 997 2        9 997 2      997 997 2      997  29 2        0                                     
222411 23  50  03U/F 23  68   8 997 2        6 997 2      997 997 2      997 998 2        0                                     
222414 68  50  03U/F 68  68  13 997 2       11 997 2      997 997 2      997 998 2        0                                     
222417 90  40  02U/F 68  90   8 997 2        6 997 2      997 997 2      997  43 2        0                                     
222508 68  70  02U/F 68  90   8 997 2        6 997 2      997 997 2      997  52 2        0                                     
222511 68  50  02U/F 68  90  10 997 2        8 997 2      997 997 2      997 998 2        0                                     
222514 45  60  03F/U 45  90   9 997 2        7 997 2      997 997 2      997  34 2        0                                     
222517 68  60  03U/F 68  90  11 997 2        9 997 2      997 997 2      997  41 2        0                                     
222608113  80  03U/F113 135  13 997 2       10 997 2      997 997 2      997  43 2        0                                     
222611158 100  03F/U158 135  12 997 2       10 997 2      997 997 2      997  30 2        0                                     
222614158  20  01U/F  0   0   0 997 2        0 997 2      997 997 2      997   0 2        0                                     
222617248  60  02F/U248 135   7 997 2        5 997 2      997 997 2      997 998 2        0                                     
222708338  50  02  F338   0   7 997 2        5 997 2      997 997 2      997 998 2        0                                     
222711360  30  02U/F360  45   9 997 2        7 997 2      997 997 2      997  44 2        0                                     
222714  0   0  01U/F  0   0   0 997 2        0 997 2      997 997 2      997   0 2        0                                     
222717 23  30  01U/F  0   0   0 997 2        0 997 2      997 997 2      997   0 2        0                                     
222808360  20  01U/F  0  45   8 997 2        6 997 2      997 997 2      997 998 2        0                                     
222811  0   0  01U/F  0   0   0 997 2        0 997 2      997 997 2      997   0 2        0                                     
222814158  20  01U/F  0   0   0 997 2        0 997 2      997 997 2      997   0 2        0                                     
222817158  20  01U/F  0   0   0 997 2        0 997 2      997 997 2      997   0 2        0                                     
222908113  50  02  F113   0   8 997 2        6 997 2      997 997 2      997 998 2        0                                     
222911158  60  02  F158   0   7 997 2        5 997 2      997 997 2      997  22 2        0                                     
222914158  80  03  F158   0   8 997 2        6 997 2      997 997 2      997  23 2        0                                     
222917158  40  02  F158   0   6 997 2        4 997 2      997 997 2      997  30 2        0                                     
223008135  80  03U/F135 113  11 997 2        9 997 2      997 997 2      997  36 2        0                                     
223011135  70  03F/U135 113   9 997 2        7 997 2      997 997 2      997 998 2        0                                     
223014338  50  02U/F338 113   8 997 2        6 997 2      997 997 2      997 998 2        0                                     
223017158  40  02U/F158 113   7 997 2        5 997 2      997 997 2      997  40 2        0                                     
223108 68  50  02  F 68   0   7 997 2        5 997 2      997 997 2      997  28 2        0                                     
223111 68  60  02  F 68   0   7 997 2        5 997 2      997 997 2      997  19 2        0                                     
223114 68  70  02  F 68   0   8 997 2        6 997 2      997 997 2      997  20 2        0                                     
213117 90  60  02  F 90   0   8 997 2        6 997 2      997 997 2      997  28 2        0                                     
