12 0004                30389N122041E199806      2648200 6212024529212641                                                        
220108135  90  04U/F135 135  16 997 2       14 997 2      997 997 2      997  51 2        0                                     
220111135 100  04U/F135 135  17 997 2       15 997 2      997 997 2      997  46 2        0                                     
220114135 130  04F/U135 135  18 997 2       16 997 2      997 997 2      997 998 2        0                                     
220117158 120  04F/U158 135  19 997 2       17 997 2      997 997 2      997 998 2        0                                     
220208293 130  04  F293   0  17 997 2       15 997 2      997 997 2      997  33 2        0                                     
220211293 120  04  F293   0  16 997 2       14 997 2      997 997 2      997  30 2        0                                     
220214315 120  04  F315   0  16 997 2       14 997 2      997 997 2      997  33 2        0                                     
220217315  90  03  F315   0  13 997 2       11 997 2      997 997 2      997  33 2        0                                     
220308203  40  01U/F  0   0   0 997 2        0 997 2      997 997 2      997   0 2        0                                     
220311180  70  02  F180   0   7 997 2        5 997 2      997 997 2      997  22 2        0                                     
220314180  70  02  F180   0   7 997 2        5 997 2      997 997 2      997 998 2        0                                     
220317180  80  03F/U180 158   9 997 2        7 997 2      997 997 2      997  30 2        0                                     
220408158  80  03  F158   0   8 997 2        6 997 2      997 997 2      997 998 2        0                                     
220411180  70  02  F180   0   7 997 2        5 997 2      997 997 2      997 998 2        0                                     
220414158  70  03  F158   0   9 997 2        7 997 2      997 997 2      997  33 2        0                                     
220417158  80  03  F158   0  10 997 2        8 997 2      997 997 2      997 998 2        0                                     
220508 23 110  04  F 23   0  14 997 2       11 997 2      997 997 2      997 998 2        0                                     
220511360  80  03  F360   0  11 997 2        9 997 2      997 997 2      997 998 2        0                                     
220514 23  60  03  F 23   0   8 997 2        6 997 2      997 997 2      997  26 2        0                                     
220517 23  90  04  F 23   0  11 997 2        9 997 2      997 997 2      997 998 2        0                                     
220608360  50  03F/U360  45   7 997 2        5 997 2      997 997 2      997  30 2        0                                     
220611360  60  03  F360   0   8 997 2        6 997 2      997 997 2      997 998 2        0                                     
220614360  90  03  F360   0  10 997 2        8 997 2      997 997 2      997  28 2        0                                     
220617 23 110  04  F 23   0  14 997 2       11 997 2      997 997 2      997  30 2        0                                     
220708 45  50  03U/F 45  68   7 997 2        5 997 2      997 997 2      997  32 2        0                                     
220711 23  20  02U/F  0  90   6 997 2        4 997 2      997 997 2      997  48 2        0                                     
220714 90  60  03F/U 90  90   7 997 2        5 997 2      997 997 2      997  41 2        0                                     
220717 90  70  03F/U 90  90   9 997 2        7 997 2      997 997 2      997  30 2        0                                     
220808113  60  03F/U113 113   8 997 2        6 997 2      997 997 2      997 998 2        0                                     
220811113  50  03U/F113 113   8 997 2        6 997 2      997 997 2      997  32 2        0                                     
220814135  50  03  F135   0   7 997 2        5 997 2      997 997 2      997  29 2        0                                     
220817158  80  03  F158   0  10 997 2        8 997 2      997 997 2      997  29 2        0                                     
220908 68  50  03U/F 68  68   9 997 2        7 997 2      997 997 2      997  45 2        0                                     
220911 68  80  03  F 68   0   9 997 2        7 997 2      997 997 2      997  27 2        0                                     
220914 68  60  03F/U 68  90   9 997 2        7 997 2      997 997 2      997 998 2        0                                     
220917 45  40  02U/F 45  68   6 997 2        4 997 2      997 997 2      997  40 2        0                                     
221008 45  60  03U/F 45  68   8 997 2        6 997 2      997 997 2      997  43 2        0                                     
221011 45  50  03U/F 45  68   8 997 2        6 997 2      997 997 2      997  42 2        0                                     
221014 45  50  03U/F 45  68   8 997 2        6 997 2      997 997 2      997 998 2        0                                     
221017 45  70  03F/U 45  45   9 997 2        7 997 2      997 997 2      997 998 2        0                                     
221108 90  80  03F/U 90  90  10 997 2        8 997 2      997 997 2      997  30 2        0                                     
221111113  90  03F/U113 113  10 997 2        8 997 2      997 997 2      997  29 2        0                                     
221114113  80  03F/U113 113  10 997 2        8 997 2      997 997 2      997  30 2        0                                     
221117113  80  03F/U113 113  10 997 2        8 997 2      997 997 2      997  32 2        0                                     
221208113 120  04  F113   0  15 997 2       12 997 2      997 997 2      997  29 2        0                                     
221211135 130  04  F135   0  16 997 2       13 997 2      997 997 2      997  28 2        0                                     
221214135  80  03  F135   0  10 997 2        8 997 2      997 997 2      997  28 2        0                                     
221217158  70  03  F158   0   9 997 2        7 997 2      997 997 2      997  27 2        0                                     
221308293 130  04  F293   0  15 997 2       12 997 2      997 997 2      997  25 2        0                                     
221311293 130  04  F293   0  16 997 2       13 997 2      997 997 2      997 998 2        0                                     
221314338  70  03  F338   0  10 997 2        8 997 2      997 997 2      997 998 2        0                                     
221317338  80  03  F338   0  10 997 2        8 997 2      997 997 2      997 998 2        0                                     
221408338 110  03  F338   0  13 997 2       11 997 2      997 997 2      997  28 2        0                                     
221411360 100  03  F360   0  13 997 2       11 997 2      997 997 2      997  28 2        0                                     
221414360  80  03  F360   0  10 997 2        8 997 2      997 997 2      997  28 2        0                                     
221417 23  60  03  F 23   0   9 997 2        7 997 2      997 997 2      997  31 2        0                                     
221508 68  10  01U/F  0   0   0 997 2        0 997 2      997 997 2      997   0 2        0                                     
221511 68  20  01U/F  0  45   5 997 2        3 997 2      997 997 2      997 998 2        0                                     
221514 90  40  01U/F  0   0   0 997 2        0 997 2      997 997 2      997   0 2        0                                     
221517 90  30  01U/F  0  68   5 997 2        3 997 2      997 997 2      997 998 2        0                                     
221608 90  30  01U/F  0  45   8 997 2        6 997 2      997 997 2      997  33 2        0                                     
221611 90  40  02U/F 90  68   6 997 2        4 997 2      997 997 2      997 998 2        0                                     
221614113  50  02U/F113  68   7 997 2        5 997 2      997 997 2      997  33 2        0                                     
221617113  70  03U/F113  68   9 997 2        7 997 2      997 997 2      997  33 2        0                                     
221708 90  60  03U/F 90 113   9 997 2        7 997 2      997 997 2      997  40 2        0                                     
221711113  40  03U/F113 113   7 997 2        5 997 2      997 997 2      997  42 2        0                                     
221714 90  60  03U/F 90 113   8 997 2        6 997 2      997 997 2      997  35 2        0                                     
221717 90  40  03U/F 90 113   7 997 2        5 997 2      997 997 2      997  35 2        0                                     
221808135  60  03U/F135 135   9 997 2        7 997 2      997 997 2      997  40 2        0                                     
221811158  60  03U/F158 135   8 997 2        6 997 2      997 997 2      997 998 2        0                                     
221814158  80  03F/U158 135  10 997 2        8 997 2      997 997 2      997 998 2        0                                     
221817135  50  02U/F135 135   7 997 2        5 997 2      997 997 2      997  39 2        0                                     
221908270  50  02  F248   0   6 997 2        4 997 2      997 997 2      997 998 2        0                                     
221911248  50  02  F248   0   6 997 2        4 997 2      997 997 2      997  27 2        0                                     
221914203  80  03  F203   0  10 997 2        8 997 2      997 997 2      997  27 2        0                                     
221917203  90  04  F203   0  12 997 2       10 997 2      997 997 2      997  28 2        0                                     
222008158  80  03F/U158 135  10 997 2        8 997 2      997 997 2      997  29 2        0                                     
222011135  40  02F/U135 135   7 997 2        5 997 2      997 997 2      997 998 2        0                                     
222014113  70  03F/U113 135  10 997 2        8 997 2      997 997 2      997  28 2        0                                     
222017113  80  03F/U113 135  10 997 2        8 997 2      997 997 2      997 998 2        0                                     
222108113  40  02U/F113 113   7 997 2        5 997 2      997 997 2      997  32 2        0                                     
222111113  40  02U/F113 113   8 997 2        6 997 2      997 997 2      997  32 2        0                                     
222114135  40  03F/U135 113   7 997 2        5 997 2      997 997 2      997  28 2        0                                     
222117 90  10  01U/F  0  90   5 997 2        3 997 2      997 997 2      997 998 2        0                                     
222208 90  40  02U/F 90 135   7 997 2        5 997 2      997 997 2      997  33 2        0                                     
222211 90  60  03U/F 90 135   8 997 2        6 997 2      997 997 2      997 998 2        0                                     
222214  0   0  01U/F  0   0   0 997 2        0 997 2      997 997 2      997 998 2        0                                     
222217 90   7  03F/U 90 135  10 997 2        8 997 2      997 997 2      997  34 2        0                                     
222308 90   9  03F/U 90 135  12 997 2       10 997 2      997 997 2      997  29 2        0                                     
222311 90   9  03F/U 90 135  12 997 2       10 997 2      997 997 2      997 998 2        0                                     
222314 68  40  02U/F 68 135   7 997 2        5 997 2      997 997 2      997 998 2        0                                     
222317 68  40  02U/F 68 135   8 997 2        6 997 2      997 997 2      997  34 2        0                                     
222408135  30  02U/F135 135   7 997 2        5 997 2      997 997 2      997  32 2        0                                     
222411135  70  03F/U135 135   8 997 2        6 997 2      997 997 2      997 998 2        0                                     
222414158 100  03F/U158 113   9 997 2        7 997 2      997 997 2      997  31 2        0                                     
222417158  80  03F/U158 113   9 997 2        7 997 2      997 997 2      997  31 2        0                                     
222508158 150  05  F158   0  18 997 2       16 997 2      997 997 2      997  40 2        0                                     
222511158 150  05  F158   0  17 997 2       15 997 2      997 997 2      997 998 2        0                                     
222514180 140  05  F180   0  17 997 2       15 997 2      997 997 2      997  39 2        0                                     
222517180 180  05  F180   0  23 997 2       20 997 2      997 997 2      997 998 2        0                                     
222518180  19  05  F180   0  22 997 2       20 997 2      997 997 2      997 998 2        0                                     
222608158 130  04  F158   0  16 997 2       14 997 2      997 997 2      997 998 2        0                                     
222611180 130  04  F180   0  16 997 2       14 997 2      997 997 2      997  36 2        0                                     
222614158  70  03  F158   0  10 997 2        8 997 2      997 997 2      997  31 2        0                                     
222617180  50  03U/F180 135   6 997 2        4 997 2      997 997 2      997 998 2        0                                     
222708180  80  03  F180   0  10 997 2        8 997 2      997 997 2      997  32 2        0                                     
222711180  90  03  F180   0  14 997 2       12 997 2      997 997 2      997 998 2        0                                     
222714180  80  03F/U180 113  11 997 2        9 997 2      997 997 2      997  31 2        0                                     
222717180  90  03F/U180 113  10 997 2        8 997 2      997 997 2      997 998 2        0                                     
222808270  60  02U/F270 113   4 997 2        3 997 2      997 997 2      997  38 2        0                                     
222811180  70  03U/F180 113   8 997 2        6 997 2      997 997 2      997 998 2        0                                     
222814180  80  03F/U180 113   9 997 2        7 997 2      997 997 2      997  27 2        0                                     
222817203  80  03  F203   0  11 997 2        9 997 2      997 997 2      997  30 2        0                                     
222908293 120  03  F293   0   7 997 2        5 997 2      997 997 2      997  21 2        0                                     
222911 90  40  01U/F  0   0   0 997 2        0 997 2      997 997 2      997   0 2        0                                     
222914113  50  03F/U113 113   7 997 2        5 997 2      997 997 2      997  21 2        0                                     
222917158  50  02F/U158 113   5 997 2        3 997 2      997 997 2      997  20 2        0                                     
223008180 120  04  F180   0  16 997 2       14 997 2      997 997 2      997  35 2        0                                     
223011180  90  03  F180   0  14 997 2       12 997 2      997 997 2      997 998 2        0                                     
223014180  90  04  F180   0  15 997 2       13 997 2      997 997 2      997 998 2        0                                     
213017180  90  03  F180   0  10 997 2        8 997 2      997 997 2      997  30 2        0                                     
