12 0004                31060N122080E199809      2648200 6212024529212641                                                        
220108315  70  03  F315   0  10 997 2        8 997 2      997 997 2      997  28 2        0                                     
220111315  70  03  F315   0   9 997 2        7 997 2      997 997 2      997  27 2        0                                     
220114360  60  03  F360   0   9 997 2        7 997 2      997 997 2      997  26 2        0                                     
220117360  60  03F/U360  68   8 997 2        6 997 2      997 997 2      997 998 2        0                                     
220208315  70  03  F315   0  10 997 2        8 997 2      997 997 2      997  31 2        0                                     
220211315  40  03U/F315  68   7 997 2        5 997 2      997 997 2      997  42 2        0                                     
220214 23  60  03F/U 23  68  10 997 2        8 997 2      997 997 2      997  31 2        0                                     
220217 23  70  03F/U 23  68   9 997 2        7 997 2      997 997 2      997 998 2        0                                     
220308338  40  02  F338   0   6 997 2        4 997 2      997 997 2      997  20 2        0                                     
220311 23  20  01U/F  0   0   0 997 2        0 997 2      997 997 2      997   0 2        0                                     
220314113  20  01U/F  0   0   0 997 2        0 997 2      997 997 2      997   0 2        0                                     
220317 90  10  01U/F  0   0   0 997 2        0 997 2      997 997 2      997   0 2        0                                     
220408135  20  01U/F135 135   5 997 2        3 997 2      997 997 2      997  35 2        0                                     
220411158  40  02U/F158 135   6 997 2        4 997 2      997 997 2      997 998 2        0                                     
220414113  40  03F/U113 135   7 997 2        5 997 2      997 997 2      997  22 2        0                                     
220417113  40  03F/U113 135   7 997 2        5 997 2      997 997 2      997 998 2        0                                     
220508180  80  03  F180   0  13 997 2       11 997 2      997 997 2      997 998 2        0                                     
220511113  80  03  F113   0  13 997 2       11 997 2      997 997 2      997  30 2        0                                     
220514113  30  03F/U113 113   8 997 2        6 997 2      997 997 2      997 998 2        0                                     
220517113  70  03  F113   0  14 997 2       12 997 2      997 997 2      997  31 2        0                                     
220608 45  50  02F/U 45 113   6 997 2        4 997 2      997 997 2      997 998 2        0                                     
220611 45  40  02U/F 45 113   6 997 2        4 997 2      997 997 2      997  40 2        0                                     
220614 45  40  02U/F 45 113   6 997 2        4 997 2      997 997 2      997  36 2        0                                     
220617 45  30  01U/F  0   0   0 997 2        0 997 2      997 997 2      997   0 2        0                                     
220708180  20  01U/F  0 113  12 997 2       11 997 2      997 997 2      997 998 2        0                                     
220711180  30  01U/F  0 113  12 997 2       11 997 2      997 997 2      997  53 2        0                                     
220714180  30  01U/F  0 113  10 997 2        9 997 2      997 997 2      997 998 2        0                                     
220717203  40  02U/F203 113   6 997 2        4 997 2      997 997 2      997  33 2        0                                     
220808158  20  02U/F  0 113   6 997 2        4 997 2      997 997 2      997  39 2        0                                     
220811158  40  02  F158   0   6 997 2        4 997 2      997 997 2      997  19 2        0                                     
220814 68  30  02U/F 68 113   4 997 2        3 997 2      997 997 2      997 998 2        0                                     
220817158  50  03F/U158 113   8 997 2        6 997 2      997 997 2      997  28 2        0                                     
220908135  50  03F/U135 113   9 997 2        7 997 2      997 997 2      997  32 2        0                                     
220911135  50  03F/U135 113   7 997 2        5 997 2      997 997 2      997 998 2        0                                     
220914113  60  03F/U113 113   8 997 2        6 997 2      997 997 2      997 998 2        0                                     
220917113  60  03F/U113 113   8 997 2        6 997 2      997 997 2      997  31 2        0                                     
221008 45  70  03  F 45   0   9 997 2        7 997 2      997 997 2      997  28 2        0                                     
221011 68  70  03F/U 68  90  10 997 2        8 997 2      997 997 2      997  32 2        0                                     
221014 90 100  03F/U 90  90  14 997 2       11 997 2      997 997 2      997  31 2        0                                     
221017 90  60  03F/U 90  90   9 997 2        7 997 2      997 997 2      997  29 2        0                                     
221108 68 120  04  F 68   0  15 997 2       12 997 2      997 997 2      997  29 2        0                                     
221111 68 130  04  F 68   0  15 997 2       12 997 2      997 997 2      997  28 2        0                                     
221114 90 120  04  F 90   0  14 997 2       11 997 2      997 997 2      997  28 2        0                                     
221117 68  80  03  F 68   0   9 997 2        7 997 2      997 997 2      997  27 2        0                                     
221208 68  60  03F/U 68  68   9 997 2        7 997 2      997 997 2      997  33 2        0                                     
221211 45  70  03F/U 45  45   9 997 2        7 997 2      997 997 2      997  28 2        0                                     
221214 68  70  03F/U 68  68   8 997 2        6 997 2      997 997 2      997  27 2        0                                     
221217 68  60  03F/U 68  90   8 997 2        6 997 2      997 997 2      997 998 2        0                                     
221308 90  40  02U/F 90  90   7 997 2        5 997 2      997 997 2      997  33 2        0                                     
221311 90  40  02U/F 90  90   7 997 2        5 997 2      997 997 2      997  30 2        0                                     
221314 90  40  02U/F 90  90   7 997 2        5 997 2      997 997 2      997 998 2        0                                     
221317 90  70  03F/U 90  90   9 997 2        7 997 2      997 997 2      997  30 2        0                                     
221408113  40  02U/F113 113   7 997 2        5 997 2      997 997 2      997  30 2        0                                     
221411113  50  03F/U113 113   7 997 2        5 997 2      997 997 2      997  30 2        0                                     
221414113  30  02U/F  0  90   5 997 2        4 997 2      997 997 2      997  33 2        0                                     
221417  0   0  01U/F  0   0   0 997 2        0 997 2      997 997 2      997   0 2        0                                     
221508 90  30  02U/F  0  90   4 997 2        3 997 2      997 997 2      997  32 2        0                                     
221511 68  50  03F/U 68  90   7 997 2        5 997 2      997 997 2      997  30 2        0                                     
221514360  80  03  F360   0   8 997 2        6 997 2      997 997 2      997  26 2        0                                     
221517 23  90  03  F 23   0  11 997 2        9 997 2      997 997 2      997 998 2        0                                     
221608360 110  04  F360   0  14 997 2       11 997 2      997 997 2      997  27 2        0                                     
221611360 110  04  F360   0  14 997 2       11 997 2      997 997 2      997  27 2        0                                     
221614360 110  04  F360   0  14 997 2       11 997 2      997 997 2      997  26 2        0                                     
221617360 110  04  F360   0  16 997 2       13 997 2      997 997 2      997 998 2        0                                     
221708 23  70  03F/U 23  68   9 997 2        7 997 2      997 997 2      997  31 2        0                                     
221711360  60  03F/U360  68   8 997 2        6 997 2      997 997 2      997  32 2        0                                     
221714 23  80  03F/U 23  68  10 997 2        8 997 2      997 997 2      997  30 2        0                                     
221717360  70  03  F360   0   8 997 2        6 997 2      997 997 2      997  25 2        0                                     
221808360  60  03  F360   0   7 997 2        5 997 2      997 997 2      997  28 2        0                                     
221811 23  80  03F/U 23  68  10 997 2        8 997 2      997 997 2      997 998 2        0                                     
221814 23  80  03F/U 23  68  10 997 2        8 997 2      997 997 2      997  33 2        0                                     
221817338  90  03  F338   0  11 997 2        9 997 2      997 997 2      997  26 2        0                                     
221908360 120  04  F360   0  16 997 2       13 997 2      997 997 2      997  28 2        0                                     
221911360 140  04  F360   0  17 997 2       14 997 2      997 997 2      997  28 2        0                                     
221914360 160  04  F360   0  19 997 2       16 997 2      997 997 2      997  29 2        0                                     
221915360 180  04  F360   0  20 997 2       17 997 2      997 997 2      997  27 2        0                                     
221916360 180  04  F360   0  20 997 2       17 997 2      997 997 2      997  25 2        0                                     
221917360 180  04  F360   0  20 997 2       17 997 2      997 997 2      997  23 2        0                                     
221918 23 180  04  F 23   0  21 997 2       18 997 2      997 997 2      997  25 2        0                                     
222008 90 120  04  F 90   0  15 997 2       12 997 2      997 997 2      997  26 2        0                                     
222011113 110  03  F113   0  14 997 2       11 997 2      997 997 2      997  29 2        0                                     
222014113  60  03U/F113 135  10 997 2        8 997 2      997 997 2      997  30 2        0                                     
222017 68  50  03U/F 68 135   9 997 2        7 997 2      997 997 2      997  32 2        0                                     
222108315 160  05  F315   0  16 997 2       14 997 2      997 997 2      997  31 2        0                                     
222111315 140  05  F315   0  16 997 2       14 997 2      997 997 2      997 998 2        0                                     
222114338 160  05  F315   0  20 997 2       17 997 2      997 997 2      997  33 2        0                                     
222117338 140  04  F338   0  15 997 2       13 997 2      997 997 2      997  30 2        0                                     
222208338 130  05  F338   0  17 997 2       15 997 2      997 997 2      997 998 2        0                                     
222211315 130  05  F315   0  17 997 2       15 997 2      997 997 2      997  34 2        0                                     
222214338 100  04  F338   0  14 997 2       12 997 2      997 997 2      997 998 2        0                                     
222217338 100  04  F338   0  14 997 2       12 997 2      997 997 2      997 998 2        0                                     
222308338  50  02U/F338  68   7 997 2        5 997 2      997 997 2      997 998 2        0                                     
222311338  50  02F/U338  68   7 997 2        5 997 2      997 997 2      997  27 2        0                                     
222314338  60  03F/U338  68   8 997 2        6 997 2      997 997 2      997 998 2        0                                     
222317360  40  02U/F360  68   7 997 2        5 997 2      997 997 2      997  33 2        0                                     
222408338  60  03F/U338  68   8 997 2        6 997 2      997 997 2      997  26 2        0                                     
222411338  80  04  F338   0  12 997 2       10 997 2      997 997 2      997 998 2        0                                     
222414 23  50  03U/F 23  45   9 997 2        7 997 2      997 997 2      997 998 2        0                                     
222417 23  60  03F/U 23  45   9 997 2        7 997 2      997 997 2      997  27 2        0                                     
222508 23  50  03F/U 23  45   9 997 2        7 997 2      997 997 2      997  28 2        0                                     
222511 45  60  04  F 45   0  10 997 2        8 997 2      997 997 2      997 998 2        0                                     
222514 23  80  04  F 23   0  14 997 2       12 997 2      997 997 2      997 998 2        0                                     
222517 23  80  03  F 23   0  12 997 2       10 997 2      997 997 2      997  29 2        0                                     
222608 23 100  03  F 23   0  15 997 2       13 997 2      997 997 2      997  32 2        0                                     
222611 45 140  04  F 45   0  17 997 2       15 997 2      997 997 2      997  29 2        0                                     
222614 45 130  04  F 45   0  17 997 2       15 997 2      997 997 2      997 998 2        0                                     
222617 45 150  05  F 45   0  20 997 2       18 997 2      997 997 2      997 998 2        0                                     
222708 45 180  05  F 45   0  22 997 2       20 997 2      997 997 2      997  39 2        0                                     
222709 45 190  05  F 45   0  23 997 2       21 997 2      997 997 2      997  38 2        0                                     
222710 45 190  05  F 45   0  23 997 2       21 997 2      997 997 2      997  39 2        0                                     
222711 45 190  05  F 45   0  23 997 2       21 997 2      997 997 2      997  36 2        0                                     
222712 45 180  05  F 45   0  23 997 2       21 997 2      997 997 2      997  36 2        0                                     
222713 45 170  05  F 45   0  23 997 2       21 997 2      997 997 2      997  36 2        0                                     
222714 45 150  04  F 45   0  21 997 2       19 997 2      997 997 2      997 998 2        0                                     
222717 45 150  04  F 45   0  19 997 2       17 997 2      997 997 2      997  36 2        0                                     
222808 45 180  05  F 45   0  22 997 2       20 997 2      997 997 2      997  39 2        0                                     
222809 45 180  05  F 45   0  22 997 2       20 997 2      997 997 2      997  38 2        0                                     
222810 45 180  05  F 45   0  22 997 2       20 997 2      997 997 2      997  37 2        0                                     
222811 45 180  05  F 45   0  22 997 2       20 997 2      997 997 2      997 998 2        0                                     
222812 45 210  05  F 45   0  24 997 2       22 997 2      997 997 2      997  40 2        0                                     
222813 45  20  05  F 45   0  24 997 2       22 997 2      997 997 2      997 998 2        0                                     
222814 45 200  06  F 45   0  24 997 2       22 997 2      997 997 2      997 998 2        0                                     
222815 45 200  05  F 45   0  24 997 2       22 997 2      997 997 2      997 998 2        0                                     
222816 45 190  05  F 45   0  24 997 2       22 997 2      997 997 2      997  38 2        0                                     
222817 45 180  05  F 45   0  22 997 2       20 997 2      997 997 2      997 998 2        0                                     
222908 23 240  06  F 23   0  27 997 2       25 997 2      997 997 2      997  39 2        0                                     
222909 23 240  06  F 23   0  27 997 2       25 997 2      997 997 2      997  40 2        0                                     
222910 23 240  06  F 23   0  27 997 2       25 997 2      997 997 2      997  39 2        0                                     
222911 23 250  06  F 23   0  28 997 2       26 997 2      997 997 2      997  38 2        0                                     
222912 23 250  06  F 23   0  28 997 2       26 997 2      997 997 2      997  39 2        0                                     
222913 23 240  06  F 23   0  27 997 2       25 997 2      997 997 2      997  38 2        0                                     
222914 23 240  06  F 23   0  27 997 2       25 997 2      997 997 2      997  39 2        0                                     
222915 23 240  06  F 23   0  27 997 2       25 997 2      997 997 2      997  39 2        0                                     
222916360 230  06  F 23   0  27 997 2       25 997 2      997 997 2      997  40 2        0                                     
222917 23 210  06  F 23   0  25 997 2       23 997 2      997 997 2      997  39 2        0                                     
223008315 160  05  F315   0  20 997 2       18 997 2      997 997 2      997 998 2        0                                     
223011315 170  05  F315   0  20 997 2       18 997 2      997 997 2      997 998 2        0                                     
223014315 170  05  F315   0  20 997 2       18 997 2      997 997 2      997 998 2        0                                     
213017338 120  04  F338   0  17 997 2       15 997 2      997 997 2      997 998 2        0                                     
