12 0004                31060N122080E199810      2648200 6212024529212641                                                        
220108293  90  04  F293   0  10 997 2        8 997 2      997 997 2      997  28 2        0                                     
220111338  80  03  F338   0   8 997 2        6 997 2      997 997 2      997 998 2        0                                     
220114360  80  03  F360   0   9 997 2        7 997 2      997 997 2      997  25 2        0                                     
220117360 100  04U/F360  45  15 997 2       13 997 2      997 997 2      997 998 2        0                                     
220208360  30  02U/F360  45   8 997 2        6 997 2      997 997 2      997  38 2        0                                     
220211 23  60  02F/U 23  45   7 997 2        5 997 2      997 997 2      997 998 2        0                                     
220214 23  50  02  F 23   0   7 997 2        5 997 2      997 997 2      997  26 2        0                                     
220217 45  60  02U/F 45  45   9 997 2        7 997 2      997 997 2      997 998 2        0                                     
220308 23  60  02U/F 23  45  10 997 2        8 997 2      997 997 2      997 998 2        0                                     
220311 45  50  02U/F 45  45  10 997 2        8 997 2      997 997 2      997 998 2        0                                     
220314 23  80  03  F 23   0   9 997 2        7 997 2      997 997 2      997  26 2        0                                     
220317 23  90  03  F 23   0  10 997 2        8 997 2      997 997 2      997  28 2        0                                     
220408 45 110  04  F 45   0  12 997 2       10 997 2      997 997 2      997 998 2        0                                     
220411 45 100  03  F 45   0  10 997 2        8 997 2      997 997 2      997  27 2        0                                     
220414 45  80  03  F 45   0  10 997 2        8 997 2      997 997 2      997  31 2        0                                     
220417 45  90  03  F 45   0  10 997 2        8 997 2      997 997 2      997  29 2        0                                     
220508 45  90  04U/F 45  68  13 997 2       11 997 2      997 997 2      997 998 2        0                                     
220511 68  90  03U/F 68  68  12 997 2       10 997 2      997 997 2      997 998 2        0                                     
220514 45  70  03F/U 45  68   9 997 2        7 997 2      997 997 2      997  26 2        0                                     
220517 23  80  03F/U 23  68  10 997 2        8 997 2      997 997 2      997  28 2        0                                     
220608 23  90  03U/F 23  68  14 997 2       12 997 2      997 997 2      997  48 2        0                                     
220611 45 100  04U/F 45  68  14 997 2       12 997 2      997 997 2      997  44 2        0                                     
220614 23  70  03U/F 23  68  15 997 2       13 997 2      997 997 2      997  49 2        0                                     
220617 23  70  02  F 23   0   8 997 2        6 997 2      997 997 2      997  24 2        0                                     
220708360  60  02U/F360  68  12 997 2       10 997 2      997 997 2      997 998 2        0                                     
220711360  30  02U/F360  68  11 997 2        9 997 2      997 997 2      997  56 2        0                                     
220714360  50  02U/F360  68  11 997 2        9 997 2      997 997 2      997 998 2        0                                     
220717 23  70  02  F 23   0   8 997 2        6 997 2      997 997 2      997  23 2        0                                     
220808 23  40  02  F 23   0   5 997 2        4 997 2      997 997 2      997  24 2        0                                     
220811360  50  02U/F360  68   8 997 2        6 997 2      997 997 2      997  37 2        0                                     
220814 23  50  02  F 23   0   7 997 2        5 997 2      997 997 2      997  30 2        0                                     
220817 23  50  02  F 23   0   7 997 2        5 997 2      997 997 2      997  27 2        0                                     
220908 90  50  02  F 90   0   7 997 2        5 997 2      997 997 2      997  33 2        0                                     
220911 90  40  02U/F 90  68   9 997 2        7 997 2      997 997 2      997 998 2        0                                     
220914 90  40  02U/F 90  68   8 997 2        6 997 2      997 997 2      997 998 2        0                                     
220917113  40  02  F113   0   7 997 2        5 997 2      997 997 2      997 998 2        0                                     
221008 68  60  02  F 68   0   7 997 2        5 997 2      997 997 2      997  34 2        0                                     
221011 90  60  02U/F 90  68  10 997 2        8 997 2      997 997 2      997 998 2        0                                     
221014 90  90  03F/U 90  68  10 997 2        8 997 2      997 997 2      997  28 2        0                                     
221017 90  70  03F/U 90  68  10 997 2        8 997 2      997 997 2      997  33 2        0                                     
221108 90  90  04U/F 90  68  13 997 2       11 997 2      997 997 2      997  43 2        0                                     
221111113  70  03U/F113  68  14 997 2       12 997 2      997 997 2      997 998 2        0                                     
221114113  80  03U/F113  68  12 997 2       10 997 2      997 997 2      997  39 2        0                                     
221117158  40  02U/F158  68  12 997 2       10 997 2      997 997 2      997 998 2        0                                     
221208338  50  02  F338   0   5 997 2        4 997 2      997 997 2      997  20 2        0                                     
221211338  30  02  F338   0   4 997 2        3 997 2      997 997 2      997 998 2        0                                     
221214315  60  03  F315   0   7 997 2        5 997 2      997 997 2      997  27 2        0                                     
221217338  20  01U/F  0  90   6 997 2        4 997 2      997 997 2      997 998 2        0                                     
221308360  30  02U/F  0  68   6 997 2        4 997 2      997 997 2      997  55 2        0                                     
221311338  40  02U/F338  68   6 997 2        4 997 2      997 997 2      997  38 2        0                                     
221314 23  40  02U/F 23  68   7 997 2        5 997 2      997 997 2      997  34 2        0                                     
221317 90  40  02U/F 90  90   7 997 2        5 997 2      997 997 2      997  47 2        0                                     
221408135  20  02U/F  0 113   6 997 2        4 997 2      997 997 2      997  48 2        0                                     
221411315 130  04  F315   0  16 997 2       13 997 2      997 997 2      997  23 2        0                                     
221414315 110  04  F315   0  14 997 2       11 997 2      997 997 2      997  23 2        0                                     
221417315 120  04  F315   0  16 997 2       13 997 2      997 997 2      997 998 2        0                                     
221508360  60  03  F360   0   8 997 2        6 997 2      997 997 2      997  28 2        0                                     
221511338  70  03  F338   0   8 997 2        6 997 2      997 997 2      997 998 2        0                                     
221514360  50  03  F360   0   7 997 2        5 997 2      997 997 2      997  27 2        0                                     
221517 45  80  03  F 45   0   9 997 2        7 997 2      997 997 2      997  25 2        0                                     
221608 45 140  04  F 45   0  17 997 2       14 997 2      997 997 2      997  29 2        0                                     
221611 45 130  04  F 45   0  17 997 2       14 997 2      997 997 2      997 998 2        0                                     
221614 23 160  04  F 23   0  18 997 2       15 997 2      997 997 2      997  27 2        0                                     
221617360 190  04  F360   0  21 997 2       18 997 2      997 997 2      997  28 2        0                                     
221708315 160  04  F315   0  19 997 2       16 997 2      997 997 2      997  29 2        0                                     
221711293 150  04  F293   0  18 997 2       15 997 2      997 997 2      997  29 2        0                                     
221714315 140  04  F315   0  15 997 2       13 997 2      997 997 2      997  24 2        0                                     
221717315 140  04  F315   0  15 997 2       13 997 2      997 997 2      997  23 2        0                                     
221808293 100  03F/U293  68  13 997 2       10 997 2      997 997 2      997 998 2        0                                     
221811315  90  03  F315   0  11 997 2        9 997 2      997 997 2      997  29 2        0                                     
221814315 110  03  F315   0  12 997 2       10 997 2      997 997 2      997  25 2        0                                     
221817315 110  03  F315   0  12 997 2       10 997 2      997 997 2      997  28 2        0                                     
221908360  50  03  F360   0   7 997 2        5 997 2      997 997 2      997  27 2        0                                     
221911360  60  03  F360   0   7 997 2        5 997 2      997 997 2      997  25 2        0                                     
221914360  50  02  F360   0   6 997 2        4 997 2      997 997 2      997  25 2        0                                     
221917 23  50  02  F 23   0   6 997 2        4 997 2      997 997 2      997  26 2        0                                     
222008 23 120  04F/U 23  45  15 997 2       12 997 2      997 997 2      997  28 2        0                                     
222011 45 120  04F/U 45  45  15 997 2       12 997 2      997 997 2      997  30 2        0                                     
222014 23  90  03F/U 23  45  13 997 2       10 997 2      997 997 2      997 998 2        0                                     
222017 23 100  03F/U 23  45  12 997 2       10 997 2      997 997 2      997  28 2        0                                     
222108 23  80  03F/U 23  45  11 997 2        9 997 2      997 997 2      997  31 2        0                                     
222111360  60  03U/F360  45   9 997 2        7 997 2      997 997 2      997  41 2        0                                     
222114360  80  03F/U360  45  11 997 2        9 997 2      997 997 2      997  31 2        0                                     
222117 23  70  03  F 23   0   9 997 2        7 997 2      997 997 2      997 998 2        0                                     
222208 45  80  03F/U 45  45  11 997 2        9 997 2      997 997 2      997 998 2        0                                     
222211 23  90  03F/U 23  68  11 997 2        9 997 2      997 997 2      997  30 2        0                                     
222214 23  70  03F/U 23  68   9 997 2        7 997 2      997 997 2      997  30 2        0                                     
222217360  90  03  F360   0   9 997 2        7 997 2      997 997 2      997  27 2        0                                     
222308360 130  04  F360   0  16 997 2       13 997 2      997 997 2      997  28 2        0                                     
222311360 130  04  F360   0  15 997 2       12 997 2      997 997 2      997 998 2        0                                     
222314 23  80  04U/F 23  45  13 997 2       11 997 2      997 997 2      997 998 2        0                                     
222317 23  50  03F/U 23  45   8 997 2        6 997 2      997 997 2      997  28 2        0                                     
222408 45  80  03F/U 45  68  12 997 2       10 997 2      997 997 2      997  20 2        0                                     
222411 45  70  03U/F 45  68  11 997 2        9 997 2      997 997 2      997 998 2        0                                     
222414 45  70  03U/F 45  68  13 997 2       10 997 2      997 997 2      997 998 2        0                                     
222417 45  70  03F/U 45  68  10 997 2        8 997 2      997 997 2      997  25 2        0                                     
222508 45  70  03U/F 45  68  11 997 2        9 997 2      997 997 2      997 998 2        0                                     
222511  0   0  01U/F  0   0   0 997 2        0 997 2      997 997 2      997   0 2        0                                     
222514 90  40  02U/F 68  68   8 997 2        6 997 2      997 997 2      997 998 2        0                                     
222517 90  40  02U/F 90  68   7 997 2        5 997 2      997 997 2      997  36 2        0                                     
222608 68  30  02F/U 68  90   6 997 2        4 997 2      997 997 2      997  21 2        0                                     
222611225  40  02U/F225  90   6 997 2        4 997 2      997 997 2      997  33 2        0                                     
222614360  50  03  F360   0   7 997 2        5 997 2      997 997 2      997  20 2        0                                     
222617360  70  03  F360   0   9 997 2        7 997 2      997 997 2      997 998 2        0                                     
222708 23 120  04  F 23   0  15 997 2       13 997 2      997 997 2      997 998 2        0                                     
222711360 110  04  F360   0  15 997 2       13 997 2      997 997 2      997 998 2        0                                     
222714360 110  04  F360   0  15 997 2       13 997 2      997 997 2      997  25 2        0                                     
222717360  80  03  F360   0  10 997 2        8 997 2      997 997 2      997  22 2        0                                     
222808 45  70  03F/U 45  68  10 997 2        8 997 2      997 997 2      997  26 2        0                                     
222811 45  60  03F/U 45  68   8 997 2        6 997 2      997 997 2      997 998 2        0                                     
222814 45  50  03U/F 45  68   8 997 2        6 997 2      997 997 2      997 998 2        0                                     
222817 23  30  02U/F 23  68   8 997 2        6 997 2      997 997 2      997  45 2        0                                     
222908 23  50  03F/U 23  68   7 997 2        5 997 2      997 997 2      997  24 2        0                                     
222911 90  20  02U/F  0  68   6 997 2        4 997 2      997 997 2      997  35 2        0                                     
222914 90  20  02U/F  0  68   6 997 2        4 997 2      997 997 2      997 998 2        0                                     
222917 90  20  01U/F  0  68   5 997 2        3 997 2      997 997 2      997 998 2        0                                     
223008338  80  03  F338   0  10 997 2        8 997 2      997 997 2      997  22 2        0                                     
223011338  60  03  F338   0   9 997 2        7 997 2      997 997 2      997  23 2        0                                     
223014338  70  03  F338   0   9 997 2        7 997 2      997 997 2      997  25 2        0                                     
223017360  70  03  F360   0   9 997 2        7 997 2      997 997 2      997  25 2        0                                     
223108  0   0  01U/F  0   0   0 997 2        0 997 2      997 997 2      997   0 2        0                                     
223111248  10  01U/F  0   0   0 997 2        0 997 2      997 997 2      997   0 2        0                                     
223114 68  10  01U/F  0   0   0 997 2        0 997 2      997 997 2      997   0 2        0                                     
213117 68  20  01U/F  0   0   0 997 2        0 997 2      997 997 2      997   0 2        0                                     
