12 0004                31060N122080E199807      2648200 6212024529212641                                                        
220108203  70  03  F203   0   6 997 2        4 997 2      997 997 2      997  26 2        0                                     
220111203  80  03  F203   0   9 997 2        7 997 2      997 997 2      997  31 2        0                                     
220114203  80  03  F203   0  10 997 2        8 997 2      997 997 2      997 998 2        0                                     
220117180  60  03U/F180 135   8 997 2        6 997 2      997 997 2      997  39 2        0                                     
220208180 110  04  F180   0  15 997 2       13 997 2      997 997 2      997  33 2        0                                     
220211180  90  03  F180   0  14 997 2       12 997 2      997 997 2      997  31 2        0                                     
220214158 100  04  F158   0  15 997 2       13 997 2      997 997 2      997 998 2        0                                     
220217158  90  03U/F158 135  14 997 2       12 997 2      997 997 2      997  38 2        0                                     
220308203  80  03  F203   0   7 997 2        5 997 2      997 997 2      997  23 2        0                                     
220311203  90  03  F203   0  11 997 2        9 997 2      997 997 2      997  32 2        0                                     
220314180  70  03U/F180 135   8 997 2        6 997 2      997 997 2      997 998 2        0                                     
220317180  70  03U/F180 135  10 997 2        8 997 2      997 997 2      997  42 2        0                                     
220408158  30  02U/F158 113   4 997 2        3 997 2      997 997 2      997 998 2        0                                     
220411270  10  01U/F  C   C   0 997 2        0 997 2      997 997 2      997   0 2        0                                     
220414 90  70  03U/F 90 113   7 997 2        5 997 2      997 997 2      997  38 2        0                                     
220417158  70  03U/F158 113   7 997 2        5 997 2      997 997 2      997 998 2        0                                     
220508135  70  03  F135   C   9 997 2        7 997 2      997 997 2      997  31 2        0                                     
220511158 100  04  F158   C  14 997 2       12 997 2      997 997 2      997 998 2        0                                     
220514158  70  03F/U158 158  10 997 2        8 997 2      997 997 2      997  32 2        0                                     
220517158 100  04F/U158 158  14 997 2       12 997 2      997 997 2      997 998 2        0                                     
220608158 100  03F/U158 158  13 997 2       11 997 2      997 997 2      997  32 2        0                                     
220611158 110  04  F158   C  16 997 2       13 997 2      997 997 2      997  29 2        0                                     
220614158 110  04  F158   C  16 997 2       13 997 2      997 997 2      997  28 2        0                                     
220617180 120  04  f180   C  16 997 2       13 997 2      997 997 2      997  28 2        0                                     
220708158  90  03  f158   C  12 997 2       10 997 2      997 997 2      997 998 2        0                                     
220711158  90  03  f158   C  11 997 2        9 997 2      997 997 2      997  29 2        0                                     
220714158  80  03  f158   C  10 997 2        8 997 2      997 997 2      997  28 2        0                                     
220717158  80  03f/u158 135  12 997 2        9 997 2      997 997 2      997  34 2        0                                     
220808180  80  03  f180   C  10 997 2        8 997 2      997 997 2      997  26 2        0                                     
220811180  90  03  f180   C  11 997 2        9 997 2      997 997 2      997  26 2        0                                     
220814158  90  03  f158   C  11 997 2        9 997 2      997 997 2      997  28 2        0                                     
220817158  70  03f/u158 135  10 997 2        8 997 2      997 997 2      997  35 2        0                                     
220908180 100  04  f180   C  14 997 2       12 997 2      997 997 2      997 998 2        0                                     
220911180  50  03  f180   C   7 997 2        5 997 2      997 997 2      997  28 2        0                                     
220914180  50  03  f180   C   6 997 2        5 997 2      997 997 2      997  27 2        0                                     
220917158  80  03f/u158 135  11 997 2        8 997 2      997 997 2      997  33 2        0                                     
221008180  60  03  f180   C   8 997 2        6 997 2      997 997 2      997 998 2        0                                     
221011180  70  03  f180   C   8 997 2        6 997 2      997 997 2      997  24 2        0                                     
221014180  70  03  f180   C   8 997 2        6 997 2      997 997 2      997 998 2        0                                     
221017158  70  03f/u158 135  10 997 2        8 997 2      997 997 2      997  35 2        0                                     
221108180  60  03  f180   C   8 997 2        6 997 2      997 997 2      997 998 2        0                                     
221111180  70  03  f180   C   9 997 2        7 997 2      997 997 2      997  27 2        0                                     
221114158  50  03u/f158 135   9 997 2        7 997 2      997 997 2      997  39 2        0                                     
221117158  70  03u/f158 135   9 997 2        7 997 2      997 997 2      997  36 2        0                                     
221208180  80  03  f180   C  10 997 2        8 997 2      997 997 2      997  27 2        0                                     
221211180  60  03  f180   C   8 997 2        6 997 2      997 997 2      997 998 2        0                                     
221214158  70  03f/u158 135   9 997 2        7 997 2      997 997 2      997 998 2        0                                     
221217135  80  03f/u135 135  10 997 2        8 997 2      997 997 2      997  32 2        0                                     
221308158  50  03u/f158 135   8 997 2        6 997 2      997 997 2      997  35 2        0                                     
221311158  90  03  f158   C   8 997 2        6 997 2      997 997 2      997  25 2        0                                     
221314158  60  03  f158   C   7 997 2        5 997 2      997 997 2      997  25 2        0                                     
221317158  90  03f/u158 135  12 997 2       10 997 2      997 997 2      997  32 2        0                                     
221408203  70  03f/u203 113   8 997 2        6 997 2      997 997 2      997  29 2        0                                     
221411203  50  03u/f203 113   7 997 2        5 997 2      997 997 2      997 998 2        0                                     
221414180  60  03f/u180 135   8 997 2        6 997 2      997 997 2      997  28 2        0                                     
221417180  70  03  f180   C   8 997 2        6 997 2      997 997 2      997 998 2        0                                     
221508248  80  03  f248   C   8 997 2        6 997 2      997 997 2      997  28 2        0                                     
221511248  40  02  f248   C   4 997 2        3 997 2      997 997 2      997  24 2        0                                     
221514 45  50  03f/u 45  45   7 997 2        5 997 2      997 997 2      997  30 2        0                                     
221517 45  10  01u/f  C   C   0 997 2        0 997 2      997 997 2      997   0 2        0                                     
221608293  50  03  f293   C   6 997 2        4 997 2      997 997 2      997  28 2        0                                     
221611998 998  0++++998 998 998 998 2      998 997 2      997 997 2      997 998 2        0                                     
221614360  30  01u/f  C   C   0 997 2        0 997 2      997 997 2      997   0 2        0                                     
221617338  40  02u/f338  68   4 997 2        3 997 2      997 997 2      997 998 2        0                                     
221708  C   0  01u/f  C   C   0 997 2        0 997 2      997 997 2      997   0 2        0                                     
221711180  30  02u/f180  68   5 997 2        3 997 2      997 997 2      997  33 2        0                                     
221714 68  80  03f/u 68  68   9 997 2        7 997 2      997 997 2      997 998 2        0                                     
221717248 110  04  f248   C  19 997 2       16 997 2      997 997 2      997  32 2        0                                     
221808180  80  03f/u180 135   9 997 2        7 997 2      997 997 2      997  28 2        0                                     
221811338  60  03f/u338 135   8 997 2        6 997 2      997 997 2      997  25 2        0                                     
221814248  70  03f/u248 135  11 997 2        9 997 2      997 997 2      997  29 2        0                                     
221817248  50  03f/u248 135   9 997 2        7 997 2      997 997 2      997  31 2        0                                     
221908248  40  03u/f248 135   7 997 2        5 997 2      997 997 2      997  45 2        0                                     
221911225  50  02f/u225 135   5 997 2        3 997 2      997 997 2      997  19 2        0                                     
221914180  70  03f/u180 135  10 997 2        8 997 2      997 997 2      997  31 2        0                                     
221917180  70  03  f180   C  11 997 2        9 997 2      997 997 2      997 998 2        0                                     
222008123  20  01u/f135 135   5 997 2        4 997 2      997 997 2      997  39 2        0                                     
222011180  50  02u/f180 135   7 997 2        5 997 2      997 997 2      997 998 2        0                                     
222014 68  90  03f/u 68 135   8 997 2        6 997 2      997 997 2      997  26 2        0                                     
222017158  80  03  f158   C  13 997 2       11 997 2      997 997 2      997 998 2        0                                     
222108270  20  01u/f270 135   5 997 2        3 997 2      997 997 2      997  47 2        0                                     
222111180  30  01u/f180 135   4 997 2        3 997 2      997 997 2      997  40 2        0                                     
222114203  50  03f/u203 135   5 997 2        3 997 2      997 997 2      997 998 2        0                                     
222117113  30  02u/f113 135   5 997 2        3 997 2      997 997 2      997  39 2        0                                     
222208  C   0  01u/f  C   C   0 997 2        0 997 2      997 997 2      997   0 2        0                                     
222211158  50  03f/u158 135   5 997 2        3 997 2      997 997 2      997  21 2        0                                     
222214180  60  03f/u180 135   9 997 2        7 997 2      997 997 2      997  30 2        0                                     
222217203  50  03u/f203 135   7 997 2        5 997 2      997 997 2      997  39 2        0                                     
222308113  30  01u/f113 135   4 997 2        3 997 2      997 997 2      997  38 2        0                                     
222311 90 100  03  f 90   C  12 997 2       10 997 2      997 997 2      997  30 2        0                                     
222314158 110  04  f158   C  17 997 2       15 997 2      997 997 2      997  35 2        0                                     
222317158 110  04  f158   C  18 997 2       16 997 2      997 997 2      997 998 2        0                                     
222408225  70  03u/f225 135  11 997 2        9 997 2      997 997 2      997 998 2        0                                     
222411248 110  04  f248   C  18 997 2       16 997 2      997 997 2      997  34 2        0                                     
222414293  50  02u/f293  68   9 997 2        7 997 2      997 997 2      997 998 2        0                                     
222417338  20  01u/f338  68   5 997 2        3 997 2      997 997 2      997  40 2        0                                     
222508315  70  03u/f315  68   8 997 2        6 997 2      997 997 2      997  41 2        0                                     
222511 23  50  02u/f 23  68   6 997 2        4 997 2      997 997 2      997  40 2        0                                     
222514 23  60  03u/f 23  68  13 997 2       11 997 2      997 997 2      997 998 2        0                                     
222517 23  20  03u/f 23  68   7 997 2        5 997 2      997 997 2      997  37 2        0                                     
222608360  80  03  f360   C   8 997 2        6 997 2      997 997 2      997  25 2        0                                     
222611360  90  03f/u360  68  12 997 2       10 997 2      997 997 2      997 998 2        0                                     
222614360 100  03  f360   C  12 997 2       10 997 2      997 997 2      997  28 2        0                                     
222617 23 100  04  f 23   C  16 997 2       14 997 2      997 997 2      997  32 2        0                                     
222708360  40  02u/f360  68   4 997 2        3 997 2      997 997 2      997  41 2        0                                     
222711 23  50  02u/f 23  68   6 997 2        4 997 2      997 997 2      997 998 2        0                                     
222714360  30  02u/f360  68   7 997 2        5 997 2      997 997 2      997 998 2        0                                     
222717 23  20  01u/f  C  68   8 997 2        6 997 2      997 997 2      997 998 2        0                                     
222808158  20  01u/f  C  68   8 997 2        6 997 2      997 997 2      997  47 2        0                                     
222811113  20  01u/f  C  68   9 997 2        7 997 2      997 997 2      997 998 2        0                                     
222814135  40  02u/f135  68   8 997 2        6 997 2      997 997 2      997  42 2        0                                     
222817135  50  02f/u135  68   7 997 2        5 997 2      997 997 2      997  26 2        0                                     
222908158  60  03f/u158  68   8 997 2        6 997 2      997 997 2      997  30 2        0                                     
222911135  90  03f/u135  68  10 997 2        8 997 2      997 997 2      997 998 2        0                                     
222914113  60  02  f113   C   7 997 2        5 997 2      997 997 2      997  26 2        0                                     
222917135  70  03  f135   C   9 997 2        7 997 2      997 997 2      997  30 2        0                                     
223008158  60  03  f158   C   9 997 2        7 997 2      997 997 2      997  29 2        0                                     
223011158  50  02  f158   C   7 997 2        5 997 2      997 997 2      997  30 2        0                                     
223014158  50  02  f158   C   5 997 2        4 997 2      997 997 2      997  28 2        0                                     
223017135  70  03  f135   C   8 997 2        6 997 2      997 997 2      997  26 2        0                                     
223108180  70  03  f180   C   9 997 2        7 997 2      997 997 2      997  29 2        0                                     
223111180 100  04  f180   C  13 997 2       11 997 2      997 997 2      997  35 2        0                                     
223114225  80  03  f225   C  11 997 2        9 997 2      997 997 2      997  33 2        0                                     
213117180  60  02f/u180 135   8 997 2        6 997 2      997 997 2      997 998 2        0                                     
