12 0004                31060N122080E199808      2648200 6212024529212641                                                        
220108203  80  03  F203   0   8 997 2        6 997 2      997 997 2      997  29 2        0                                     
220111203  80  03  F203   0   9 997 2        7 997 2      997 997 2      997  30 2        0                                     
220114203  70  03F/U203 135   9 997 2        7 997 2      997 997 2      997 998 2        0                                     
220117158  80  03U/F158 135  12 997 2       10 997 2      997 997 2      997  48 2        0                                     
220208180  90  04  F180   0  10 997 2        8 997 2      997 997 2      997  29 2        0                                     
220211180  80  03  F180   0   9 997 2        7 997 2      997 997 2      997 998 2        0                                     
220214180  50  02U/F180 135  10 997 2        8 997 2      997 997 2      997  39 2        0                                     
220217158  80  03F/U158 135   9 997 2        7 997 2      997 997 2      997 998 2        0                                     
220308158  90  04F/U158 135  13 997 2       11 997 2      997 997 2      997 998 2        0                                     
220311158  90  04F/U158 135  12 997 2       10 997 2      997 997 2      997  33 2        0                                     
220314158  80  03U/F158 135  13 997 2       11 997 2      997 997 2      997  36 2        0                                     
220317158 120  04U/F158 135  16 997 2       14 997 2      997 997 2      997 998 2        0                                     
220408180 110  03  F180   0  12 997 2       10 997 2      997 997 2      997  28 2        0                                     
220411158  90  03  F158   0  12 997 2       10 997 2      997 997 2      997  34 2        0                                     
220414135  80  03  F135   0  10 997 2        8 997 2      997 997 2      997 998 2        0                                     
220417158 130  04F/U158 135  16 997 2       14 997 2      997 997 2      997 998 2        0                                     
220508180  80  03U/F180 135  12 997 2       10 997 2      997 997 2      997  35 2        0                                     
220511158  90  03U/F158 135  13 997 2       11 997 2      997 997 2      997  38 2        0                                     
220514158 110  04U/F158 135  15 997 2       13 997 2      997 997 2      997  44 2        0                                     
220517158 100  04U/F158 135  14 997 2       12 997 2      997 997 2      997 998 2        0                                     
220608158 110  04F/U158 135  12 997 2       10 997 2      997 997 2      997 998 2        0                                     
220611158 130  04F/U158 135  14 997 2       12 997 2      997 997 2      997  35 2        0                                     
220614158 140  05U/F158 135  17 997 2       15 997 2      997 997 2      997  41 2        0                                     
220617158 120  04U/F158 135  15 997 2       13 997 2      997 997 2      997  47 2        0                                     
220708203 110  04U/F203 135  14 997 2       12 997 2      997 997 2      997  38 2        0                                     
220711203  90  04F/U203 135  12 997 2       10 997 2      997 997 2      997  24 2        0                                     
220714180  90  03  F180   0  12 997 2        9 997 2      997 997 2      997  26 2        0                                     
220717180  50  03  F180   0   7 997 2        5 997 2      997 997 2      997  28 2        0                                     
220808158  80  03F/U158 113  11 997 2        9 997 2      997 997 2      997  29 2        0                                     
220811203  70  03  F203   0   9 997 2        7 997 2      997 997 2      997  28 2        0                                     
220814203  60  03  F203   0   8 997 2        6 997 2      997 997 2      997 998 2        0                                     
220817180  50  03  F180   0   7 997 2        5 997 2      997 997 2      997  29 2        0                                     
220908203  50  03  F203   0   7 997 2        5 997 2      997 997 2      997 998 2        0                                     
220911180  60  03  F180   0   7 997 2        5 997 2      997 997 2      997  24 2        0                                     
220914180  70  03  F180   0   8 997 2        6 997 2      997 997 2      997  27 2        0                                     
220917180  70  03  F180   0   8 997 2        6 997 2      997 997 2      997  25 2        0                                     
221008180  90  03  F180   0  11 997 2        9 997 2      997 997 2      997  29 2        0                                     
221011180  90  03  F180   0  11 997 2        9 997 2      997 997 2      997  26 2        0                                     
221014180  70  03  F180   0   9 997 2        7 997 2      997 997 2      997 998 2        0                                     
221017180  60  03  F180   0   8 997 2        6 997 2      997 997 2      997  28 2        0                                     
221108180  80  03  F180   0  10 997 2        8 997 2      997 997 2      997  27 2        0                                     
221111180  80  03  F180   0  10 997 2        8 997 2      997 997 2      997 998 2        0                                     
221114180  70  03  F180   0   8 997 2        6 997 2      997 997 2      997  28 2        0                                     
221117158  50  03  F158   0   6 997 2        4 997 2      997 997 2      997  26 2        0                                     
221208180  80  03  F180   0  10 997 2        8 997 2      997 997 2      997  27 2        0                                     
221211203  60  03  F203   0   8 997 2        6 997 2      997 997 2      997 998 2        0                                     
221214180  80  03  F180   0   8 997 2        6 997 2      997 997 2      997  28 2        0                                     
221217158  60  03  F158   0   8 997 2        6 997 2      997 997 2      997  26 2        0                                     
221308203  80  03  F203   0   9 997 2        7 997 2      997 997 2      997  25 2        0                                     
221311203  70  03  F203   0   8 997 2        6 997 2      997 997 2      997 998 2        0                                     
221314180  70  03  F180   0   8 997 2        6 997 2      997 997 2      997  22 2        0                                     
221317180  60  03  F180   0   8 997 2        6 997 2      997 997 2      997 998 2        0                                     
221408203  60  03  F203   0   7 997 2        5 997 2      997 997 2      997  25 2        0                                     
221411203  70  03  F203   0   9 997 2        7 997 2      997 997 2      997  26 2        0                                     
221414203  70  03  F203   0   9 997 2        7 997 2      997 997 2      997 998 2        0                                     
221417158  60  03  F158   0   7 997 2        5 997 2      997 997 2      997  26 2        0                                     
221508180 100  03  F180   0  10 997 2        8 997 2      997 997 2      997  26 2        0                                     
221511180  70  03  F180   0   8 997 2        7 997 2      997 997 2      997  26 2        0                                     
221514158  50  03U/F158 113   8 997 2        6 997 2      997 997 2      997  40 2        0                                     
221517158  70  03F/U158 113   8 997 2        7 997 2      997 997 2      997 998 2        0                                     
221608180  60  03U/F180 113   8 997 2        6 997 2      997 997 2      997 998 2        0                                     
221611293  30  01U/F  0   0   0 997 2        0 997 2      997 997 2      997   0 2        0                                     
221614 45  70  03F/U 45  68   8 997 2        7 997 2      997 997 2      997  34 2        0                                     
221617 45  60  03F/U 45  68   8 997 2        6 997 2      997 997 2      997  31 2        0                                     
221708135  40  02U/F135 113   6 997 2        4 997 2      997 997 2      997  34 2        0                                     
221711225  40  02  F225   0   4 997 2        3 997 2      997 997 2      997  26 2        0                                     
221714203  40  02  F203   0   4 997 2        3 997 2      997 997 2      997  27 2        0                                     
221717315  80  03  F315   0   9 997 2        7 997 2      997 997 2      997  27 2        0                                     
221808293  60  03  F293   0   8 997 2        6 997 2      997 997 2      997 998 2        0                                     
221811 23  50  03  F 23   0   7 997 2        5 997 2      997 997 2      997 998 2        0                                     
221814  0   0  01U/F  0   0   0 997 2        0 997 2      997 997 2      997   0 2        0                                     
221817135  30  02U/F113 135   6 997 2        4 997 2      997 997 2      997 998 2        0                                     
221908113  20  02U/F113 135   6 997 2        4 997 2      997 997 2      997  32 2        0                                     
221911113  40  02F/U113 135   7 997 2        5 997 2      997 997 2      997  27 2        0                                     
221914113  40  02F/U113 135   8 997 2        6 997 2      997 997 2      997  28 2        0                                     
221917113  40  02F/U113 135   8 997 2        6 997 2      997 997 2      997  25 2        0                                     
222008113  20  02U/F113 135   6 997 2        4 997 2      997 997 2      997 998 2        0                                     
222011  0   0  01U/F  0   0   0 997 2        0 997 2      997 997 2      997   0 2        0                                     
222014 68  20  01U/F  0   0   0 997 2        0 997 2      997 997 2      997   0 2        0                                     
222017 90  50  02F/U 90 113   8 997 2        6 997 2      997 997 2      997  24 2        0                                     
222108158  50  02F/U158 135   7 997 2        5 997 2      997 997 2      997 998 2        0                                     
222111158  50  02U/F158 135   7 997 2        5 997 2      997 997 2      997  33 2        0                                     
222114135  30  02U/F158 135   6 997 2        4 997 2      997 997 2      997 998 2        0                                     
222117113  60  03F/U113 135   8 997 2        6 997 2      997 997 2      997  27 2        0                                     
222208158  80  03F/U158 135  12 997 2        9 997 2      997 997 2      997 998 2        0                                     
222211158  80  03F/U158 135  10 997 2        8 997 2      997 997 2      997  24 2        0                                     
222214135  90  04F/U158 135  13 997 2       11 997 2      997 997 2      997  27 2        0                                     
222217158 100  04  F158   0  15 997 2       12 997 2      997 997 2      997  28 2        0                                     
222308225  80  03  F225   0  11 997 2        9 997 2      997 997 2      997 998 2        0                                     
222311225  50  03  F225   0   7 997 2        5 997 2      997 997 2      997 998 2        0                                     
222314225  90  03  F225   0  10 997 2        8 997 2      997 997 2      997  26 2        0                                     
222317293  20  01U/F  0   0   0 997 2        0 997 2      997 997 2      997   0 2        0                                     
222408 68  70  03F/U 68  68   9 997 2        7 997 2      997 997 2      997  23 2        0                                     
222411 45  60  03U/F 45  68   8 997 2        6 997 2      997 997 2      997  31 2        0                                     
222414 45  60  03U/F 45  68   8 997 2        6 997 2      997 997 2      997 998 2        0                                     
222417 68  40  02U/F 45  68   6 997 2        4 997 2      997 997 2      997  34 2        0                                     
222508113  50  03F/U113 135   8 997 2        6 997 2      997 997 2      997  23 2        0                                     
222511113  60  03U/F113 135   7 997 2        5 997 2      997 997 2      997  31 2        0                                     
222514113  50  02U/F113 135   6 997 2        4 997 2      997 997 2      997  39 2        0                                     
222517113  20  01U/F  0   0   0 997 2        0 997 2      997 997 2      997   0 2        0                                     
222608  0   0  01U/F  0   0   0 997 2        0 997 2      997 997 2      997   0 2        0                                     
222611 90  70  03F/U 90 113   9 997 2        7 997 2      997 997 2      997 998 2        0                                     
222614113  80  03F/U113 113  10 997 2        8 997 2      997 997 2      997  24 2        0                                     
222617 90  40  02U/F 90 113   7 997 2        5 997 2      997 997 2      997  33 2        0                                     
222708 45  60  03F/U 45  90   8 997 2        6 997 2      997 997 2      997  27 2        0                                     
222711 45  60  03U/F 45  90   9 997 2        7 997 2      997 997 2      997 998 2        0                                     
222714 45 100  04  F 45   0  13 997 2       10 997 2      997 997 2      997  26 2        0                                     
222717 45 120  04  F 45   0  15 997 2       12 997 2      997 997 2      997  25 2        0                                     
222808338  80  03  F338   0  11 997 2        9 997 2      997 997 2      997  24 2        0                                     
222811338  70  03  F338   0  10 997 2        8 997 2      997 997 2      997  23 2        0                                     
222814 23  80  03  F 23   0   9 997 2        7 997 2      997 997 2      997  23 2        0                                     
222817 23  60  03  F 23   0   8 997 2        6 997 2      997 997 2      997 998 2        0                                     
222908 45  70  03F/U 45  68  10 997 2        8 997 2      997 997 2      997  26 2        0                                     
222911 45  80  03F/U 45  68  10 997 2        8 997 2      997 997 2      997 998 2        0                                     
222914360 100  03F/U360  68  11 997 2        9 997 2      997 997 2      997  27 2        0                                     
222917360  90  03F/U360  68  11 997 2        9 997 2      997 997 2      997  27 2        0                                     
223008 23  60  03F/U 23  68   9 997 2        7 997 2      997 997 2      997  28 2        0                                     
223011360 100  03F/U360  68  11 997 2        9 997 2      997 997 2      997  29 2        0                                     
223014 45  50  03U/F 45  68   7 997 2        5 997 2      997 997 2      997  34 2        0                                     
223017 68  20  01U/F 60  68   4 997 2        3 997 2      997 997 2      997 998 2        0                                     
223108338  60  03U/F338  68   9 997 2        7 997 2      997 997 2      997  45 2        0                                     
223111338  40  03U/F338  68  10 997 2        8 997 2      997 997 2      997  45 2        0                                     
223114360  30  02U/F360  68   6 997 2        4 997 2      997 997 2      997  45 2        0                                     
213117113  20  01U/F113  68   6 997 2        4 997 2      997 997 2      997 998 2        0                                     
