12 0004                31060N122080E199905        0   0  0  0  0  012641                                                        
220108113  60  22U/F113 113  11 997 2        9 997 2      997 997 2      997 998 2        0                                     
220111113  70  22F/U113 113   7 997 2        5 997 2      997 997 2      997  21 2        0                                     
220114113  50  22U/F113 113   9 997 2        7 997 2      997 997 2      997 998 2        0                                     
220117113  60  22F/U113 113   8 997 2        6 997 2      997 997 2      997  34 2        0                                     
220208135  80  23F/U135 113   9 997 2        7 997 2      997 997 2      997  33 2        0                                     
220211135  90  23F/U135 113  10 997 2        8 997 2      997 997 2      997  34 2        0                                     
220214135  60  22  F135   C   7 997 2        5 997 2      997 997 2      997 998 2        0                                     
220217135  60  22  F135   C   8 997 2        6 997 2      997 997 2      997  33 2        0                                     
220308158  70  22U/F158 113  10 997 2        8 997 2      997 997 2      997  39 2        0                                     
220311158  80  23U/F158 113  12 997 2       10 997 2      997 997 2      997  42 2        0                                     
220314158  90  23F/U158 113  11 997 2        9 997 2      997 997 2      997 998 2        0                                     
220317180  50  22U/F180 113   9 997 2        7 997 2      997 997 2      997 998 2        0                                     
220408360 110  23  F360   C  11 997 2        9 997 2      997 997 2      997 998 2        0                                     
220411360 100  23  F360   C  11 997 2        9 997 2      997 997 2      997 998 2        0                                     
220414360  70  22  F360   C   9 997 2        7 997 2      997 997 2      997  34 2        0                                     
220417338  50  22  F338   C   5 997 2        4 997 2      997 997 2      997  22 2        0                                     
220508248  70  22  F248   C   8 997 2        6 997 2      997 997 2      997  24 2        0                                     
220511225  60  22  F225   C   7 997 2        5 997 2      997 997 2      997 998 2        0                                     
220514293  3   21U/F  C   C   0 997 2        0 997 2      997 997 2      997   0 2        0                                     
220517360 110  24  F360   C  10 997 2        8 997 2      997 997 2      997  27 2        0                                     
220608360  40  22U/F360 113   8 997 2        6 997 2      997 997 2      997  38 2        0                                     
220611225  30  21U/F  0 113   7 997 2        5 997 2      997 997 2      997 998 2        0                                     
220614135  20  22U/F135 113   6 997 2        4 997 2      997 997 2      997  45 2        0                                     
220617135  40  22U/F135 113   5 997 2        4 997 2      997 997 2      997  44 2        0                                     
220708180  40  22  F180   C   5 997 2        4 997 2      997 997 2      997  25 2        0                                     
220711158  30  22U/F158 113   6 997 2        4 997 2      997 997 2      997 998 2        0                                     
220714113  40  22  F113   C   5 997 2        4 997 2      997 997 2      997  26 2        0                                     
220717135  60  23  F135   C   7 997 2        5 997 2      997 997 2      997  35 2        0                                     
220808158  20  22U/F158 113   5 997 2        3 997 2      997 997 2      997 998 2        0                                     
220811113  20  22U/F113 113   5 997 2        3 997 2      997 997 2      997  46 2        0                                     
220814 90  30  22U/F 90 113   5 997 2        3 997 2      997 997 2      997  46 2        0                                     
220817113  40  22U/F113 113   6 997 2        4 997 2      997 997 2      997  45 2        0                                     
220908113  50  22  F113   C   6 997 2        4 997 2      997 997 2      997  26 2        0                                     
220911180  30  22  F180   C   6 997 2        4 997 2      997 997 2      997 998 2        0                                     
220914248  80  23  F248   C   9 997 2        7 997 2      997 997 2      997 998 2        0                                     
220917225 100  24  F225   C  14 997 2       11 997 2      997 997 2      997 998 2        0                                     
221008255  50  22  F225   C   5 997 2        4 997 2      997 997 2      997  25 2        0                                     
221011180  50  22  F180   C   5 997 2        4 997 2      997 997 2      997  24 2        0                                     
221014135  50  22  F135   C   5 997 2        4 997 2      997 997 2      997  25 2        0                                     
221017135  60  22  F135   C   7 997 2        5 997 2      997 997 2      997 998 2        0                                     
221108 68  60  22  F 68   C   7 997 2        5 997 2      997 997 2      997 998 2        0                                     
221111 68  50  22  F 68   C   6 997 2        4 997 2      997 997 2      997 998 2        0                                     
221114 23  30  22U/F 23  68   5 997 2        3 997 2      997 997 2      997  41 2        0                                     
221117 90  40  22U/F 90  90   7 997 2        5 997 2      997 997 2      997 998 2        0                                     
221208113  60  22U/F113 113   6 997 2        4 997 2      997 997 2      997  43 2        0                                     
221211113  60  22U/F113 113   7 997 2        5 997 2      997 997 2      997 998 2        0                                     
221214113  50  23  F113   C   7 997 2        5 997 2      997 997 2      997  23 2        0                                     
221217113  70  23  F113   C   8 997 2        6 997 2      997 997 2      997 998 2        0                                     
221308135  80  23F/U135 113   8 997 2        6 997 2      997 997 2      997  35 2        0                                     
221311135  70  23F/U135 113   7 997 2        5 997 2      997 997 2      997  33 2        0                                     
221314158  70  23F/U158 113   7 997 2        5 997 2      997 997 2      997 998 2        0                                     
221317113  80  24F/U113 113  11 997 2        9 997 2      997 997 2      997  35 2        0                                     
221408135  90  23  F135   C   8 997 2        6 997 2      997 997 2      997  27 2        0                                     
221411135  80  23  F135   C   8 997 2        6 997 2      997 997 2      997 998 2        0                                     
221414135  70  23  F135   C   7 997 2        5 997 2      997 997 2      997  25 2        0                                     
221417113  70  23  F113   C   9 997 2        7 997 2      997 997 2      997  33 2        0                                     
221508135  70  23  F135   C   7 997 2        5 997 2      997 997 2      997 998 2        0                                     
221511135  60  23  F135   C   6 997 2        4 997 2      997 997 2      997  30 2        0                                     
221514135  70  23  F135   C   8 997 2        6 997 2      997 997 2      997  26 2        0                                     
221517113  70  23  F113   C   9 997 2        7 997 2      997 997 2      997  32 2        0                                     
221608135  80  23  F135   C   9 997 2        7 997 2      997 997 2      997  34 2        0                                     
221611135  90  23  F135   C   9 997 2        7 997 2      997 997 2      997  27 2        0                                     
221614135  80  23  F135   C   9 997 2        7 997 2      997 997 2      997  29 2        0                                     
221617135  90  23  F135   C   9 997 2        7 997 2      997 997 2      997 998 2        0                                     
221708113 110  24F/U113  90  16 997 2       13 997 2      997 997 2      997 998 2        0                                     
221711113 160  25  F113   C  18 997 2       15 997 2      997 997 2      997 998 2        0                                     
221714113 140  25  F113   C  18 997 2       15 997 2      997 997 2      997 998 2        0                                     
221717113 130  24  F113   C  16 997 2       13 997 2      997 997 2      997  29 2        0                                     
221808113  20  22U/F135 113   6 997 2        4 997 2      997 997 2      997 998 2        0                                     
221811270  30  22U/F270 113   8 997 2        6 997 2      997 997 2      997  37 2        0                                     
221814315  70  23U/F315 113  13 997 2       10 997 2      997 997 2      997  41 2        0                                     
221817315 120  24  F315   C  13 997 2       10 997 2      997 997 2      997  27 2        0                                     
221908338  70  22U/F338  45  10 997 2        7 997 2      997 997 2      997 998 2        0                                     
221911338 100  24F/U338  45  15 997 2       12 997 2      997 997 2      997 998 2        0                                     
221914 23  80  24F/U 23  45  13 997 2       10 997 2      997 997 2      997 998 2        0                                     
221917 23  60  23U/F 23  45   9 997 2        6 997 2      997 997 2      997 998 2        0                                     
222008248  50  22U/F248 113   8 997 2        5 997 2      997 997 2      997  35 2        0                                     
222011225  50  23U/F225 113   9 997 2        6 997 2      997 997 2      997 998 2        0                                     
222014225  70  23U/F225 113  11 997 2        8 997 2      997 997 2      997  40 2        0                                     
222017225  50  22U/F225 113   8 997 2        5 997 2      997 997 2      997  33 2        0                                     
222108180  70  23U/F180 113   9 997 2        6 997 2      997 997 2      997  36 2        0                                     
222111180  60  23U/F180 113   9 997 2        6 997 2      997 997 2      997  36 2        0                                     
222114113 100  24  F113   C  11 997 2        8 997 2      997 997 2      997  30 2        0                                     
222117135 120  24  F135   C  15 997 2       12 997 2      997 997 2      997 998 2        0                                     
222208180 100  24F/U180 135  13 997 2       10 997 2      997 997 2      997  27 2        0                                     
222211113  80  24F/U113 135  11 997 2        8 997 2      997 997 2      997  27 2        0                                     
222214113 120  24F/U113 135  17 997 2       14 997 2      997 997 2      997 998 2        0                                     
222217113 100  24F/U113 135  15 997 2       12 997 2      997 997 2      997 998 2        0                                     
222308180  30  22U/F180 113   7 997 2        5 997 2      997 997 2      997  35 2        0                                     
222311180  30  22U/F180 113   6 997 2        4 997 2      997 997 2      997  35 2        0                                     
222314 90  40  22U/F 90 113   8 997 2        5 997 2      997 997 2      997  34 2        0                                     
222317135  70  22U/F135 113   8 997 2        5 997 2      997 997 2      997  36 2        0                                     
222408338 100  24  F338   C  14 997 2       11 997 2      997 997 2      997 998 2        0                                     
222411338 100  24  F338   C  13 997 2       10 997 2      997 997 2      997 998 2        0                                     
222414338  90  24  F338   C  13 997 2       10 997 2      997 997 2      997  29 2        0                                     
222417360  70  23  F360   C   9 997 2        6 997 2      997 997 2      997 998 2        0                                     
222508158  40  22U/F158 135   6 997 2        4 997 2      997 997 2      997  33 2        0                                     
222511158  40  22U/F158 135   6 997 2        4 997 2      997 997 2      997  32 2        0                                     
222514158  40  22U/F158 135   6 997 2        4 997 2      997 997 2      997  32 2        0                                     
222517158  40  22U/F158 135   8 997 2        5 997 2      997 997 2      997 998 2        0                                     
222608180  70  23F/U180 135   9 997 2        6 997 2      997 997 2      997  28 2        0                                     
222611203  70  23F/U203 135   8 997 2        5 997 2      997 997 2      997 998 2        0                                     
222614270  80  23F/U270 135   9 997 2        6 997 2      997 997 2      997  28 2        0                                     
222617293 100  23F/U293 135  11 997 2        8 997 2      997 997 2      997 998 2        0                                     
222708270  90  24  F270   C  15 997 2       12 997 2      997 997 2      997  27 2        0                                     
222711270  40  22U/F270 135   8 997 2        5 997 2      997 997 2      997  33 2        0                                     
222714225  50  22U/F225 135   8 997 2        5 997 2      997 997 2      997  32 2        0                                     
222717203  80  23F/U203 135  11 997 2        8 997 2      997 997 2      997  27 2        0                                     
222808225  50  22U/F225 135   6 997 2        4 997 2      997 997 2      997 998 2        0                                     
222811135  20  22U/F135 135   5 997 2        3 997 2      997 997 2      997 998 2        0                                     
222814  C   0  21U/F  C   C   0 997 2        0 997 2      997 997 2      997   0 2        0                                     
222817 23 110  24F/U 23  45  15 997 2       13 997 2      997 997 2      997  35 2        0                                     
222908 45  50  22U/F 45  68   9 997 2        7 997 2      997 997 2      997 998 2        0                                     
222911 45  50  22U/F 45  68   7 997 2        5 997 2      997 997 2      997  43 2        0                                     
222914 68  40  22U/F 68  68   6 997 2        4 997 2      997 997 2      997 998 2        0                                     
222917 90  60  23F/U 90  68   6 997 2        4 997 2      997 997 2      997  28 2        0                                     
223008113  60  22U/F113  90   7 997 2        5 997 2      997 997 2      997  43 2        0                                     
223011113  70  23F/U113  90   8 997 2        6 997 2      997 997 2      997  24 2        0                                     
223014113  70  23F/U113  90   8 997 2        6 997 2      997 997 2      997 998 2        0                                     
223017113  70  23F/U113  90   9 997 2        7 997 2      997 997 2      997  33 2        0                                     
223108203  60  23U/F203  90   8 997 2        6 997 2      997 997 2      997 998 2        0                                     
223111180  70  23  F180   C   7 997 2        5 997 2      997 997 2      997  25 2        0                                     
223114180  60  22  F180   C   6 997 2        4 997 2      997 997 2      997 998 2        0                                     
213117180  30  22  F180   C   4 997 2        3 997 2      997 997 2      997  20 2        0                                     
