12 0004                31060N122080E199904      2648200 6212024529212641                                                        
220108158  80  23U/F158 113  13 997 2       11 997 2      997 997 2      997 998 2        0                                     
220111158  70  23U/F158 113  11 997 2        9 997 2      997 997 2      997  45 2        0                                     
220114158  40  22U/F158 113   8 997 2        6 997 2      997 997 2      997  48 2        0                                     
220117360  20  21U/F  C   C   0 997 2        0 997 2      997 997 2      997   0 2        0                                     
220208360 130  24  F360   C  16 997 2       14 997 2      997 997 2      997 998 2        0                                     
220211360 140  25  F360   C  18 997 2       16 997 2      997 997 2      997  34 2        0                                     
220214360 130  25  F360   C  18 997 2       16 997 2      997 997 2      997 998 2        0                                     
220217338 100  24  F338   C  16 997 2       14 997 2      997 997 2      997 998 2        0                                     
220308 68  80  23  F 68   C  12 997 2       10 997 2      997 997 2      997 998 2        0                                     
220311 68  50  23  F 68   C   7 997 2        5 997 2      997 997 2      997  26 2        0                                     
220314 68  50  23F/U 68  68   8 997 2        6 997 2      997 997 2      997 998 2        0                                     
220317 68  50  23U/F 68  68   8 997 2        6 997 2      997 997 2      997  33 2        0                                     
220408  C   0  21U/F  C  90   7 997 2        5 997 2      997 997 2      997  44 2        0                                     
220411180  10  21U/F  C  90   6 997 2        4 997 2      997 997 2      997 998 2        0                                     
220414113  30  22U/F113  90   6 997 2        4 997 2      997 997 2      997  42 2        0                                     
220417158  40  22U/F158 113   6 997 2        4 997 2      997 997 2      997 998 2        0                                     
220508203  50  23  F203   C   6 997 2        4 997 2      997 997 2      997  26 2        0                                     
220511180  70  23  F180   C   8 997 2        6 997 2      997 997 2      997  27 2        0                                     
220514180  80  23  F180   C   9 997 2        7 997 2      997 997 2      997  25 2        0                                     
220517180  70  23  F180   C   9 997 2        7 997 2      997 997 2      997 998 2        0                                     
220608338  50  23  F338   C   6 997 2        4 997 2      997 997 2      997  28 2        0                                     
220611360  60  23F/U360  68   8 997 2        6 997 2      997 997 2      997  30 2        0                                     
220614 23  70  23F/U 23  68   8 997 2        6 997 2      997 997 2      997  30 2        0                                     
220617 23  70  23F/U 23  68   9 997 2        7 997 2      997 997 2      997  28 2        0                                     
220708135  70  23F/U135 135   9 997 2        7 997 2      997 997 2      997  30 2        0                                     
220711135  80  23F/U135 135  10 997 2        8 997 2      997 997 2      997 998 2        0                                     
220714113 100  23F/U113 113  13 997 2       10 997 2      997 997 2      997  31 2        0                                     
220717113 110  24F/U113 113  15 997 2       12 997 2      997 997 2      997 998 2        0                                     
220808158  80  23  F158   C   9 997 2        7 997 2      997 997 2      997  28 2        0                                     
220811158  70  23  F158   C   9 997 2        7 997 2      997 997 2      997 998 2        0                                     
220814135 120  24  F135   C  16 997 2       13 997 2      997 997 2      997  29 2        0                                     
220817135 130  24F/U135 113  17 997 2       14 997 2      997 997 2      997  30 2        0                                     
220908158 110  24  F158   C  13 997 2       10 997 2      997 997 2      997  28 2        0                                     
220911180  80  23F/U180 135  10 997 2        8 997 2      997 997 2      997  31 2        0                                     
220914270  60  23U/F270  68   9 997 2        7 997 2      997 997 2      997 998 2        0                                     
220917270 100  23  F270   C  13 997 2       10 997 2      997 997 2      997  28 2        0                                     
221008293 100  23  F293   C  13 997 2       10 997 2      997 997 2      997  29 2        0                                     
221011293  80  23  F293   C  10 997 2        8 997 2      997 997 2      997  27 2        0                                     
221014315  50  22  F315   C   6 997 2        4 997 2      997 997 2      997 998 2        0                                     
221017315  70  23  F315   C   8 997 2        6 997 2      997 997 2      997  28 2        0                                     
221108135  40  22U/F135 113   6 997 2        4 997 2      997 997 2      997  41 2        0                                     
221111135  60  23U/F135 113   8 997 2        6 997 2      997 997 2      997  39 2        0                                     
221114135  70  23F/U135 113   9 997 2        7 997 2      997 997 2      997  31 2        0                                     
221117135 100  23F/U135 113  13 997 2       10 997 2      997 997 2      997  29 2        0                                     
221208293 110  24  F293   C  13 997 2       10 997 2      997 997 2      997  27 2        0                                     
221211315  90  23  F315   C  11 997 2        8 997 2      997 997 2      997  29 2        0                                     
221214315  40  22  F315   C   6 997 2        4 997 2      997 997 2      997  25 2        0                                     
221217270  90  23  F270   C   9 997 2        7 997 2      997 997 2      997 998 2        0                                     
221308270  70  23  F270   C   8 997 2        6 997 2      997 997 2      997  26 2        0                                     
221311293  70  23  F293   C   8 997 2        6 997 2      997 997 2      997  29 2        0                                     
221314315  80  23  F315   C   8 997 2        6 997 2      997 997 2      997  23 2        0                                     
221317315  60  23  F315   C   7 997 2        5 997 2      997 997 2      997 998 2        0                                     
221408 90  40  22U/F 90  90   6 997 2        4 997 2      997 997 2      997  43 2        0                                     
221411135  50  23F/U135  90   7 997 2        5 997 2      997 997 2      997  26 2        0                                     
221414135  60  23  F135   C   7 997 2        5 997 2      997 997 2      997 998 2        0                                     
221417158  70  23  F158   C   8 997 2        6 997 2      997 997 2      997  29 2        0                                     
221508158 100  24  F158   C  10 997 2        8 997 2      997 997 2      997 998 2        0                                     
221511135 100  24  F135   C  11 997 2        9 997 2      997 997 2      997  29 2        0                                     
221514158 110  25  F158   C  12 997 2       10 997 2      997 997 2      997  28 2        0                                     
221517158  80  24  F158   C  11 997 2        9 997 2      997 997 2      997  29 2        0                                     
221608 45  50  22U/F 45  68   7 997 2        5 997 2      997 997 2      997 998 2        0                                     
221611 45  50  22U/F 45  68   8 997 2        6 997 2      997 997 2      997  43 2        0                                     
221614 68  60  22U/F 68  68   7 997 2        5 997 2      997 997 2      997 998 2        0                                     
221617 68  30  22  F 68   C   6 997 2        4 997 2      997 997 2      997  26 2        0                                     
221708 68 120  25  F 68   C  16 997 2       14 997 2      997 997 2      997 998 2        0                                     
221711 68 130  24F/U 68  90  18 997 2       16 997 2      997 997 2      997 998 2        0                                     
221714 68 100  24F/U 68  90  15 997 2       13 997 2      997 997 2      997  42 2        0                                     
221717 68 160  25F/U 68  90  19 997 2       17 997 2      997 997 2      997  40 2        0                                     
221808 23  90  23U/F 23  68  15 997 2       13 997 2      997 997 2      997  42 2        0                                     
221811 45  70  23U/F 45  68  12 997 2       10 997 2      997 997 2      997  43 2        0                                     
221814 45  50  22U/F 45  68  13 997 2       11 997 2      997 997 2      997 998 2        0                                     
221817360  50  22  F360   C   8 997 2        6 997 2      997 997 2      997  25 2        0                                     
221908 23  60  22U/F 23  68   6 997 2        4 997 2      997 997 2      997 998 2        0                                     
221911 23  40  22U/F 23  68   6 997 2        4 997 2      997 997 2      997  44 2        0                                     
221914 23  30  22U/F 23  68   7 997 2        5 997 2      997 997 2      997 998 2        0                                     
221917 23  20  21U/F  C  68   6 997 2        4 997 2      997 997 2      997  39 2        0                                     
222008203  20  21U/F  C   C   0 997 2        0 997 2      997 997 2      997   0 2        0                                     
222011360  20  21U/F  C   C   0 997 2        0 997 2      997 997 2      997   0 2        0                                     
222014 23  20  21U/F  C   C   0 997 2        0 997 2      997 997 2      997   0 2        0                                     
222017  C   0  21U/F  C   C   0 997 2        0 997 2      997 997 2      997   0 2        0                                     
222108113  70  23  F113   C   6 997 2        4 997 2      997 997 2      997  26 2        0                                     
222111135 100  23U/F135  90  10 997 2        8 997 2      997 997 2      997 998 2        0                                     
222114135  50  22U/F135  90   8 997 2        6 997 2      997 997 2      997  41 2        0                                     
222117135  40  22U/F135  90   7 997 2        5 997 2      997 997 2      997  41 2        0                                     
222208 90 110  23U/F 90  90  13 997 2       11 997 2      997 997 2      997  43 2        0                                     
222211 90  90  23U/F 90  90  12 997 2       10 997 2      997 997 2      997  44 2        0                                     
222214 45  60  22U/F 45  90   9 997 2        7 997 2      997 997 2      997  47 2        0                                     
222217338  40  22U/F338  90  11 997 2        9 997 2      997 997 2      997  44 2        0                                     
222308 68  30  21U/F  C  90  14 997 2       12 997 2      997 997 2      997  51 2        0                                     
222311 45  50  22U/F 45  90  14 997 2       12 997 2      997 997 2      997  50 2        0                                     
222314 90  30  21U/F  C  90  12 997 2       10 997 2      997 997 2      997  50 2        0                                     
222317 90  50  21U/F  C  90  12 997 2       10 997 2      997 997 2      997  51 2        0                                     
222408113  60  22U/F113  90  10 997 2        8 997 2      997 997 2      997  46 2        0                                     
222411113  70  23U/F113  90   8 997 2        6 997 2      997 997 2      997 998 2        0                                     
222414113  80  23U/F113  90   8 997 2        6 997 2      997 997 2      997  46 2        0                                     
222417113  80  23  F113   C   7 997 2        5 997 2      997 997 2      997  27 2        0                                     
222508 68 100  23  F 68   C   8 997 2        6 997 2      997 997 2      997  28 2        0                                     
222511 90  90  23  F 90   C   8 997 2        6 997 2      997 997 2      997  28 2        0                                     
222514 90  50  22  F 90   C   7 997 2        5 997 2      997 997 2      997  34 2        0                                     
222517 68  60  22U/F 68  90  10 997 2        8 997 2      997 997 2      997 998 2        0                                     
222608 68  50  22U/F 68  90  11 997 2        9 997 2      997 997 2      997  46 2        0                                     
222611 23  30  21U/F  C  90  10 997 2        8 997 2      997 997 2      997 998 2        0                                     
222614 45  30  21U/F  C  90  10 997 2        8 997 2      997 997 2      997  47 2        0                                     
222617360  30  21U/F  C  90   9 997 2        7 997 2      997 997 2      997 998 2        0                                     
222708360  40  22U/F360  90   9 997 2        7 997 2      997 997 2      997  47 2        0                                     
222711338  80  23U/F338  90  11 997 2        9 997 2      997 997 2      997 998 2        0                                     
222714360 130  24F/U360  90  13 997 2       11 997 2      997 997 2      997  32 2        0                                     
222717338 120  24F/U338  90  12 997 2       10 997 2      997 997 2      997  33 2        0                                     
222808338 100  24  F338   C  13 997 2       11 997 2      997 997 2      997 998 2        0                                     
222811338  90  23  F338   C  12 997 2       10 997 2      997 997 2      997 998 2        0                                     
222814338 100  23  F338   C  12 997 2       10 997 2      997 997 2      997 998 2        0                                     
222817360  80  23  F360   C   9 997 2        7 997 2      997 997 2      997  24 2        0                                     
222908  C   0  21U/F  C   C   0 997 2        0 997 2      997 997 2      997   0 2        0                                     
222911 45  10  21U/F  C 113   8 997 2        6 997 2      997 997 2      997  38 2        0                                     
222914 90  20  21U/F  C 113   7 997 2        5 997 2      997 997 2      997 998 2        0                                     
222917113  40  22  F113   C   5 997 2        4 997 2      997 997 2      997  31 2        0                                     
223008113  60  22U/F113 113   9 997 2        7 997 2      997 997 2      997 998 2        0                                     
223011113  70  22  F113   C   7 997 2        5 997 2      997 997 2      997  23 2        0                                     
223014158  80  23  F158   C  10 997 2        8 997 2      997 997 2      997 998 2        0                                     
213017113  90  24  F113   C  12 997 2       10 997 2      997 997 2      997  37 2        0                                     
