12 0004                31060N122080E199908        0   0  0359  01101 851                                                        
220108158  80  23F/U158 113   7 997 2        5 997 2      997 997 2      997 998 2        0                                     
220111158  70  23U/F158 113   6 997 2        4 997 2      997 997 2      997  42 2        0                                     
220114135  90  23U/F135 113   9 997 2        7 997 2      997 997 2      997 998 2        0                                     
220117135  70  23U/F135 113   7 997 2        5 997 2      997 997 2      997 998 2        0                                     
220208 68  60  22U/F 68 113   7 997 2        5 997 2      997 997 2      997 998 2        0                                     
220211 45  40  22U/F 45 113  13 997 2       11 997 2      997 997 2      997 998 2        0                                     
220214 23  90  23F/U 23  68  10 997 2        8 997 2      997 997 2      997  30 2        0                                     
220217 23  80  23F/U 23  68  13 997 2       11 997 2      997 997 2      997  32 2        0                                     
220308293 120  24  F293   C  14 997 2       12 997 2      997 997 2      997  32 2        0                                     
220311293 110  23U/F293  68  14 997 2       12 997 2      997 997 2      997 998 2        0                                     
220314360  60  23F/U360  68  12 997 2       10 997 2      997 997 2      997  29 2        0                                     
220317 45  70  23F/U 45  68  10 997 2        8 997 2      997 997 2      997  28 2        0                                     
220408 68  60  23F/U 68  68   8 997 2        6 997 2      997 997 2      997  27 2        0                                     
220411 45  90  23F/U 45  68  13 997 2       11 997 2      997 997 2      997  30 2        0                                     
220414 90  50  23U/F 90  68  15 997 2       13 997 2      997 997 2      997 998 2        0                                     
220417 90  60  23U/F 90  68   9 997 2        7 997 2      997 997 2      997  40 2        0                                     
220508113  50  23U/F113 113  13 997 2       11 997 2      997 997 2      997  42 2        0                                     
220511113  40  23U/F113 113  14 997 2       12 997 2      997 997 2      997  42 2        0                                     
220514113  70  23U/F113 113  15 997 2       13 997 2      997 997 2      997 998 2        0                                     
220517 90  70  23U/F 90 113  10 997 2        8 997 2      997 997 2      997  39 2        0                                     
220608 45  70  23U/F 45 113  13 997 2       11 997 2      997 997 2      997 998 2        0                                     
220611 23  80  23F/U 23 113  13 997 2       11 997 2      997 997 2      997  32 2        0                                     
220614 23  80  23U/F 23 113  10 997 2        8 997 2      997 997 2      997 998 2        0                                     
220617360  90  24  F360   C  14 997 2       12 997 2      997 997 2      997  33 2        0                                     
220708315  70  23U/F315 113  10 997 2        8 997 2      997 997 2      997 998 2        0                                     
220711 23  50  22  F 23   C   5 997 2        3 997 2      997 997 2      997  20 2        0                                     
220714 23  70  23  F 23   C  10 997 2        8 997 2      997 997 2      997  30 2        0                                     
220717360  60  23U/F360 113  11 997 2        9 997 2      997 997 2      997 998 2        0                                     
220808270  70  23  F270   C  12 997 2       10 997 2      997 997 2      997  32 2        0                                     
220811315  50  23  F315   C   9 997 2        7 997 2      997 997 2      997  27 2        0                                     
220814248  30  21U/F  C   C   0 997 2        0 997 2      997 997 2      997   0 2        0                                     
220817135  40  22U/F135  68   7 997 2        5 997 2      997 997 2      997 998 2        0                                     
220908158  50  23F/U158 113   7 997 2        5 997 2      997 997 2      997  28 2        0                                     
220911113  60  23F/U113 113   8 997 2        6 997 2      997 997 2      997 998 2        0                                     
220914113  50  23U/F113 113   8 997 2        6 997 2      997 997 2      997  40 2        0                                     
220917113  70  23U/F113 113   9 997 2        7 997 2      997 997 2      997  39 2        0                                     
221008180  40  22U/F180 113  12 997 2       10 997 2      997 997 2      997 998 2        0                                     
221011180  30  22U/F180 113   9 997 2        7 997 2      997 997 2      997  43 2        0                                     
221014158  30  22U/F158 113   7 997 2        5 997 2      997 997 2      997  41 2        0                                     
221017 90  20  22U/F 90 113   6 997 2        4 997 2      997 997 2      997  43 2        0                                     
221108  C   0  21U/F  C 113   4 997 2        3 997 2      997 997 2      997  37 2        0                                     
221111135  20  21U/F  C 113   5 997 2        4 997 2      997 997 2      997  40 2        0                                     
221114 23  50  22U/F 23 113   6 997 2        5 997 2      997 997 2      997  51 2        0                                     
221117113  30  22U/F113 113   6 997 2        4 997 2      997 997 2      997  39 2        0                                     
221208203  20  22U/F203  90   7 997 2        5 997 2      997 997 2      997  41 2        0                                     
221211315  20  22U/F315  90   5 997 2        4 997 2      997 997 2      997  42 2        0                                     
221214293  30  21U/F  C  90   5 997 2        4 997 2      997 997 2      997 998 2        0                                     
221217158  50  23  F158   C   7 997 2        5 997 2      997 997 2      997  29 2        0                                     
221308158  50  23U/F158  90   8 997 2        6 997 2      997 997 2      997  39 2        0                                     
221311180  60  23U/F180  90   7 997 2        5 997 2      997 997 2      997 998 2        0                                     
221314 90  50  23U/F 90  90   8 997 2        6 997 2      997 997 2      997 998 2        0                                     
221317135  50  23U/F135  90   8 997 2        6 997 2      997 997 2      997  33 2        0                                     
221408225  60  23  F225   C   7 997 2        5 997 2      997 997 2      997  26 2        0                                     
221411225  60  23F/U225 113   8 997 2        6 997 2      997 997 2      997 998 2        0                                     
221414203  20  21U/F  C 113   6 997 2        4 997 2      997 997 2      997 998 2        0                                     
221417  C   0  21U/F  C   C   0 997 2        0 997 2      997 997 2      997   0 2        0                                     
221508293  70  23  F293   C   7 997 2        5 997 2      997 997 2      997  23 2        0                                     
221511293  60  23  F293   C   8 997 2        6 997 2      997 997 2      997  28 2        0                                     
221514360  30  22U/F360  68   6 997 2        4 997 2      997 997 2      997 998 2        0                                     
221517 45  20  22U/F 45  68   6 997 2        4 997 2      997 997 2      997  32 2        0                                     
221608 68  60  23F/U 68  68   9 997 2        7 997 2      997 997 2      997  34 2        0                                     
221611 68  70  23U/F 68  68  10 997 2        8 997 2      997 997 2      997 998 2        0                                     
221614 68  60  23F/U 68  68   8 997 2        6 997 2      997 997 2      997  32 2        0                                     
221617 45  60  23U/F 45  68   8 997 2        7 997 2      997 997 2      997  33 2        0                                     
221708180  20  21U/F  C   C   0 997 2        0 997 2      997 997 2      997   0 2        0                                     
221711  C   0  21U/F  C   C   0 997 2        0 997 2      997 997 2      997   0 2        0                                     
221714135  30  22U/F135 113   6 997 2        4 997 2      997 997 2      997  42 2        0                                     
221717113  30  22U/F113 113   7 997 2        5 997 2      997 997 2      997  44 2        0                                     
221808113  20  22U/F113 113   5 997 2        4 997 2      997 997 2      997  44 2        0                                     
221811113  10  21U/F  C 113   5 997 2        3 997 2      997 997 2      997  42 2        0                                     
221814 90  30  22U/F 90  90   5 997 2        4 997 2      997 997 2      997  42 2        0                                     
221817113  40  22U/F113  90   7 997 2        5 997 2      997 997 2      997  52 2        0                                     
221908113  50  23F/U113 113   7 997 2        5 997 2      997 997 2      997  33 2        0                                     
221911113  50  23  F113   C   7 997 2        5 997 2      997 997 2      997 998 2        0                                     
221914113  60  23  F113   C   8 997 2        6 997 2      997 997 2      997  28 2        0                                     
221917113  80  23  F113   C  10 997 2        8 997 2      997 997 2      997  28 2        0                                     
222008225  60  23  F225   C   7 997 2        5 997 2      997 997 2      997  28 2        0                                     
222011270  40  22  F270   C   4 997 2        3 997 2      997 997 2      997  25 2        0                                     
222014338  60  23  F338   C   8 997 2        6 997 2      997 997 2      997 998 2        0                                     
222017270  20  21U/F  C  68   6 997 2        4 997 2      997 997 2      997  32 2        0                                     
222108158  60  23  F158   C   8 997 2        6 997 2      997 997 2      997  27 2        0                                     
222111158  80  23  F158   C  10 997 2        8 997 2      997 997 2      997  29 2        0                                     
222114135 110  24F/U135 113  17 997 2       14 997 2      997 997 2      997  31 2        0                                     
222117158 100  24F/U158 113  17 997 2       14 997 2      997 997 2      997  30 2        0                                     
222208 68  60  23F/U 68  68   8 997 2        6 997 2      997 997 2      997  31 2        0                                     
222211 68 110  24F/U 68  68  16 997 2       13 997 2      997 997 2      997  32 2        0                                     
222214 45 120  24F/U 45  68  18 997 2       15 997 2      997 997 2      997  25 2        0                                     
222217 23 130  24F/U 23  45  18 997 2       15 997 2      997 997 2      997  28 2        0                                     
222308 45  50  23U/F 45  68   8 997 2        6 997 2      997 997 2      997  33 2        0                                     
222311360  40  23U/F360  45   8 997 2        6 997 2      997 997 2      997  46 2        0                                     
222314 45  60  23F/U 45  45   8 997 2        6 997 2      997 997 2      997  28 2        0                                     
222317 68  50  23F/U 68  68   7 997 2        5 997 2      997 997 2      997  29 2        0                                     
222408 90  60  23F/U 90  68   8 997 2        6 997 2      997 997 2      997 998 2        0                                     
222411 68  80  23  F 68   C  10 997 2        8 997 2      997 997 2      997  29 2        0                                     
222414 90  70  23  F 90   C  10 997 2        8 997 2      997 997 2      997  28 2        0                                     
222417 90  80  23  F 90   C  10 997 2        8 997 2      997 997 2      997  28 2        0                                     
222508158  90  23  F158   C  11 997 2        9 997 2      997 997 2      997 998 2        0                                     
222511180  80  23  F180   C  10 997 2        8 997 2      997 997 2      997  27 2        0                                     
222514180  80  23  F180   C  10 997 2        8 997 2      997 997 2      997  27 2        0                                     
222517203  60  23  F203   C   8 997 2        6 997 2      997 997 2      997  29 2        0                                     
222608293 100  24  F293   C  14 997 2       11 997 2      997 997 2      997  28 2        0                                     
222611270  60  23U/F270  90   9 997 2        7 997 2      997 997 2      997  30 2        0                                     
222614270  50  22  F270   C   6 997 2        4 997 2      997 997 2      997 998 2        0                                     
222617  C   0  21U/F  C  68   4 997 2        3 997 2      997 997 2      997  59 2        0                                     
222708360 120  24  F360   C  18 997 2       15 997 2      997 997 2      997 998 2        0                                     
222711  C   0  22U/F  C  90   6 997 2        4 997 2      997 997 2      997  32 2        0                                     
222714248  60  23  F248   C   6 997 2        4 997 2      997 997 2      997  27 2        0                                     
222717270  40  22  F270   C   5 997 2        3 997 2      997 997 2      997  26 2        0                                     
222808  C   0  21U/F  C  90   6 997 2        4 997 2      997 997 2      997  38 2        0                                     
222811180  30  22U/F180  90   6 997 2        4 997 2      997 997 2      997  33 2        0                                     
222814180  40  22  F180   C   6 997 2        4 997 2      997 997 2      997  26 2        0                                     
222817158  30  22U/F158  90   6 997 2        4 997 2      997 997 2      997  35 2        0                                     
222908135  40  22F/U135 113   6 997 2        4 997 2      997 997 2      997  31 2        0                                     
222911180  30  22U/F180 113   6 997 2        4 997 2      997 997 2      997  30 2        0                                     
222914180  10  21U/F  C  90   5 997 2        3 997 2      997 997 2      997  33 2        0                                     
222917 45  20  21U/F  C  90   4 997 2        3 997 2      997 997 2      997  41 2        0                                     
223008180  50  23U/F180  90   7 997 2        5 997 2      997 997 2      997  32 2        0                                     
223011180  60  23  F180   C   8 997 2        6 997 2      997 997 2      997 998 2        0                                     
223014225  90  23  F225   C  11 997 2        9 997 2      997 997 2      997 998 2        0                                     
223017248 120  24  F225   C  13 997 2       11 997 2      997 997 2      997 998 2        0                                     
223108360  50  22  F360   C   4 997 2        3 997 2      997 997 2      997  20 2        0                                     
223111 45  50  22U/F 45  90   6 997 2        4 997 2      997 997 2      997 998 2        0                                     
223114 45  30  22U/F 45  90   5 997 2        3 997 2      997 997 2      997  42 2        0                                     
213117 45  30  22U/F 45  90   4 997 2        3 997 2      997 997 2      997 998 2        0                                     
