12 0004                31090N122060E199912        0   0  0359  01101 851                                                        
220108360  40  22U/F360  45  13 997 2       11 997 2      997 997 2      997  44 2        0                                     
220111360  70  23U/F360  45  14 997 2       12 997 2      997 997 2      997  42 2        0                                     
220114338 100  24U/F338  45  15 997 2       13 997 2      997 997 2      997 998 2        0                                     
220117338 110  24F/U338  45  15 997 2       13 997 2      997 997 2      997  38 2        0                                     
220208 45  80  23U/F 45  45  13 997 2       11 997 2      997 997 2      997 998 2        0                                     
220211 45  80  23U/F 45  45  12 997 2       10 997 2      997 997 2      997 998 2        0                                     
220214 23  60  23U/F 23  45  14 997 2       12 997 2      997 997 2      997  41 2        0                                     
220217 23  80  24U/F 23  45  15 997 2       13 997 2      997 997 2      997 998 2        0                                     
220308 23  40  22U/F 23  45  12 997 2       10 997 2      997 997 2      997 998 2        0                                     
220311 45  60  22U/F 45  45  14 997 2       12 997 2      997 997 2      997 998 2        0                                     
220314 45  40  22U/F 45  45  11 997 2        9 997 2      997 997 2      997  42 2        0                                     
220317 68  50  22U/F 68  45  15 997 2       13 997 2      997 997 2      997 998 2        0                                     
220408 45  60  22U/F 45  45  13 997 2       11 997 2      997 997 2      997  39 2        0                                     
220411113  50  22U/F113  45  15 997 2       13 997 2      997 997 2      997  49 2        0                                     
220414293  80  22  F293   C   8 997 2        6 997 2      997 997 2      997  22 2        0                                     
220417293  80  23U/F293  45  14 997 2       12 997 2      997 997 2      997 998 2        0                                     
220508338 100  23  F338   C  11 997 2        9 997 2      997 997 2      997 998 2        0                                     
220511338  90  23F/U338  45  12 997 2       10 997 2      997 997 2      997  36 2        0                                     
220514315 100  23  F315   C  11 997 2        9 997 2      997 997 2      997  23 2        0                                     
220517338 110  24  F338   C  11 997 2        9 997 2      997 997 2      997  25 2        0                                     
220608315 120  24F/U315  45  15 997 2       13 997 2      997 997 2      997  37 2        0                                     
220611315 120  25  F315   C  16 997 2       14 997 2      997 997 2      997 998 2        0                                     
220614315 120  24  F315   C  14 997 2       12 997 2      997 997 2      997  28 2        0                                     
220617338 120  24  F338   C  13 997 2       11 997 2      997 997 2      997  26 2        0                                     
220708315  90  23  F315   C  11 997 2        9 997 2      997 997 2      997 998 2        0                                     
220711315  80  23  F315   C  12 997 2       10 997 2      997 997 2      997 998 2        0                                     
220714338  70  23  F338   C  10 997 2        8 997 2      997 997 2      997  30 2        0                                     
220717338  60  23  F338   C   8 997 2        6 997 2      997 997 2      997  28 2        0                                     
220808113  40  22U/F113  90   9 997 2        7 997 2      997 997 2      997 998 2        0                                     
220811135  50  22U/F135  90   7 997 2        5 997 2      997 997 2      997  34 2        0                                     
220814248  60  23F/U248  90   8 997 2        6 997 2      997 997 2      997  34 2        0                                     
220817225  50  22F/U225  90   7 997 2        5 997 2      997 997 2      997  27 2        0                                     
220908315  90  23  F315   C  10 997 2        8 997 2      997 997 2      997 998 2        0                                     
220911315  50  23  F315   C   7 997 2        5 997 2      997 997 2      997  30 2        0                                     
220914315  60  23F/U315  68   8 997 2        6 997 2      997 997 2      997  30 2        0                                     
220917315  60  23  F315   C   7 997 2        5 997 2      997 997 2      997 998 2        0                                     
221008225  10  21U/F  C  68   6 997 2        4 997 2      997 997 2      997  45 2        0                                     
221011225  30  22U/F225  68   6 997 2        4 997 2      997 997 2      997  43 2        0                                     
221014225  40  22U/F225  68   6 997 2        4 997 2      997 997 2      997 998 2        0                                     
221017225  50  22  F225   C   6 997 2        4 997 2      997 997 2      997 998 2        0                                     
221108 45 110  24U/F 45  45  16 997 2       13 997 2      997 997 2      997  39 2        0                                     
221111 23 100  24F/U 23  45  16 997 2       13 997 2      997 997 2      997  39 2        0                                     
221114 23  90  24F/U 23  45  14 997 2       12 997 2      997 997 2      997  37 2        0                                     
221117 23  80  23F/U 23  45  11 997 2        9 997 2      997 997 2      997  34 2        0                                     
221208 45  30  22U/F  C  68   7 997 2        5 997 2      997 997 2      997  42 2        0                                     
221211270  30  22U/F  C  68   7 997 2        5 997 2      997 997 2      997 998 2        0                                     
221214 90  20  22U/F  C  68   6 997 2        4 997 2      997 997 2      997  39 2        0                                     
221217 90  30  22U/F  C  68   6 997 2        4 997 2      997 997 2      997  36 2        0                                     
221308338  40  22U/F338  68   7 997 2        5 997 2      997 997 2      997  35 2        0                                     
221311338  40  22U/F338  45   7 997 2        5 997 2      997 997 2      997 998 2        0                                     
221314338  30  22U/F338  68   6 997 2        4 997 2      997 997 2      997  37 2        0                                     
221317360  30  22U/F360  68   6 997 2        4 997 2      997 997 2      997 998 2        0                                     
221408338  50  22U/F338  68   7 997 2        5 997 2      997 997 2      997  35 2        0                                     
221411293  50  23U/F293  90   8 997 2        6 997 2      997 997 2      997 998 2        0                                     
221414270  20  22U/F270  68   6 997 2        4 997 2      997 997 2      997  37 2        0                                     
221417270  30  22U/F270  68   6 997 2        4 997 2      997 997 2      997  34 2        0                                     
221508315  40  22F/U315  68   6 997 2        4 997 2      997 997 2      997  28 2        0                                     
221511360  20  21U/F  C   C   0 997 2        0 997 2      997 997 2      997   0 2        0                                     
221514360  10  21U/F  C   C   0 997 2        0 997 2      997 997 2      997   0 2        0                                     
221517 45  10  21U/F  C   C   0 997 2        0 997 2      997 997 2      997   0 2        0                                     
221608 90  20  22U/F  C  68   7 997 2        5 997 2      997 997 2      997  36 2        0                                     
221611 68  40  22U/F 68  68   7 997 2        5 997 2      997 997 2      997  35 2        0                                     
221614 45  40  22U/F 45  68   6 997 2        4 997 2      997 997 2      997 998 2        0                                     
221617 45  40  22U/F 45  68   6 997 2        4 997 2      997 997 2      997  35 2        0                                     
221708360 130  24  F360   C  16 997 2       14 997 2      997 997 2      997  28 2        0                                     
221711360 120  24  F360   C  16 997 2       14 997 2      997 997 2      997  28 2        0                                     
221714360 110  24  F360   C  14 997 2       12 997 2      997 997 2      997  27 2        0                                     
221717360  90  24  F360   C  11 997 2        9 997 2      997 997 2      997  26 2        0                                     
221808360  70  24  F360   C  10 997 2        8 997 2      997 997 2      997  26 2        0                                     
221811338  90  24  F338   C  10 997 2        8 997 2      997 997 2      997 998 2        0                                     
221814338  90  24  F360   C  15 997 2       13 997 2      997 997 2      997  32 2        0                                     
221817338  90  24F/U338  68  15 997 2       13 997 2      997 997 2      997 998 2        0                                     
221908338 120  25  F338   C  19 997 2       16 997 2      997 997 2      997  36 2        0                                     
221911338 120  24  F338   C  16 997 2       14 997 2      997 997 2      997  34 2        0                                     
221914315 110  23  F315   C  13 997 2       11 997 2      997 997 2      997  30 2        0                                     
221917338 120  23  F338   C  15 997 2       13 997 2      997 997 2      997  32 2        0                                     
222008338 140  25  F338   C  22 997 2       19 997 2      997 997 2      997 998 2        0                                     
222011315 130  25  F315   C  21 997 2       18 997 2      997 997 2      997  35 2        0                                     
222014315 120  24  F315   C  16 997 2       14 997 2      997 997 2      997  31 2        0                                     
222017315 110  23  F315   C  13 997 2       11 997 2      997 997 2      997  28 2        0                                     
222108315 150  26  F315   C  26 997 2       23 997 2      997 997 2      997  52 2        0                                     
222111315 140  25  F315   C  25 997 2       22 997 2      997 997 2      997  50 2        0                                     
222114315 170  26  F315   C  25 997 2       22 997 2      997 997 2      997  49 2        0                                     
222117315 150  25  F315   C  22 997 2       19 997 2      997 997 2      997  38 2        0                                     
222208315 140  25  F315   C  22 997 2       19 997 2      997 997 2      997  41 2        0                                     
222211315 130  25  F315   C  21 997 2       18 997 2      997 997 2      997 998 2        0                                     
222214315 100  24  F315   C  15 997 2       13 997 2      997 997 2      997  31 2        0                                     
222217293 100  23  F293   C  11 997 2        9 997 2      997 997 2      997  28 2        0                                     
222308293  50  23U/F293  45   9 997 2        7 997 2      997 997 2      997 998 2        0                                     
222311293  80  23U/F293  45  11 997 2        9 997 2      997 997 2      997 998 2        0                                     
222314248  60  23U/F248  45   9 997 2        7 997 2      997 997 2      997  51 2        0                                     
222317225  60  22U/F225  45   5 997 2        4 997 2      997 997 2      997  41 2        0                                     
222408270 120  24  F270   C  14 997 2       12 997 2      997 997 2      997  33 2        0                                     
222411270  90  24  F270   C  14 997 2       12 997 2      997 997 2      997  33 2        0                                     
222414293  50  23  F293   C   7 997 2        5 997 2      997 997 2      997 998 2        0                                     
222417293  30  21U/F  C   C   0 997 2        0 997 2      997 997 2      997   0 2        0                                     
222508293  60  23  F293   C   8 997 2        6 997 2      997 997 2      997  21 2        0                                     
222511293  30  21U/F  C   C   0 997 2        0 997 2      997 997 2      997   0 2        0                                     
222514270  30  21U/F270  68   5 997 2        3 997 2      997 997 2      997 998 2        0                                     
222517270  30  21U/F  C   C   0 997 2        0 997 2      997 997 2      997   0 2        0                                     
222608338  30  21U/F  C  68   4 997 2        3 997 2      997 997 2      997  34 2        0                                     
222611338  30  21U/F338  68   6 997 2        4 997 2      997 997 2      997 998 2        0                                     
222614 68  30  21U/F  C  68   5 997 2        4 997 2      997 997 2      997  43 2        0                                     
222617 68  30  21U/F  C   C   0 997 2        0 997 2      997 997 2      997   0 2        0                                     
222708135  50  22U/F135 113   6 997 2        4 997 2      997 997 2      997  34 2        0                                     
222711135  60  22U/F135 113   6 997 2        4 997 2      997 997 2      997 998 2        0                                     
222714113  80  23U/F113 113   7 997 2        5 997 2      997 997 2      997  40 2        0                                     
222717135  70  23F/U135 113   7 997 2        5 997 2      997 997 2      997 998 2        0                                     
222808225  30  21U/F  C   C   0 997 2        0 997 2      997 997 2      997   0 2        0                                     
222811248  30  21U/F248  68   5 997 2        3 997 2      997 997 2      997  42 2        0                                     
222814  C   0  21U/F  C   C   0 997 2        0 997 2      997 997 2      997   0 2        0                                     
222817180  30  21U/F  C   C   0 997 2        0 997 2      997 997 2      997   0 2        0                                     
222908270  20  21U/F  C   C   0 997 2        0 997 2      997 997 2      997   0 2        0                                     
222911293  10  21U/F  C   C   0 997 2        0 997 2      997 997 2      997   0 2        0                                     
222914293  10  21U/F  C  90   4 997 2        3 997 2      997 997 2      997 998 2        0                                     
222917338  20  21U/F  C  90   4 997 2        3 997 2      997 997 2      997  56 2        0                                     
223008  C   0  21U/F  C   C   0 997 2        0 997 2      997 997 2      997   0 2        0                                     
223011 45  10  21U/F  C   C   0 997 2        0 997 2      997 997 2      997   0 2        0                                     
223014113  40  22  F113   C   5 997 2        4 997 2      997 997 2      997  27 2        0                                     
223017 90  60  22  F 90   C   7 997 2        5 997 2      997 997 2      997  29 2        0                                     
223108158  20  21U/F  C   C   0 997 2        0 997 2      997 997 2      997   0 2        0                                     
223111 45  30  22U/F  C  68   6 997 2        4 997 2      997 997 2      997  47 2        0                                     
213114 45  40  22U/F  C  68   7 997 2        5 997 2      997 997 2      997  41 2        0                                     
213117 68  40  22U/F 68  68   7 997 2        5 997 2      997 997 2      997  35 2        0                                     
