12 0004                31060N122080E199906        0   0  0359  01101 851                                                        
220108158  80  23  F158   C   9 997 2        7 997 2      997 997 2      997 998 2        0                                     
220111158 100  23  F158   C  11 997 2        9 997 2      997 997 2      997 998 2        0                                     
220114158  90  23  F158   C  11 997 2        9 997 2      997 997 2      997 998 2        0                                     
220117180  60  22  F180   C   5 997 2        3 997 2      997 997 2      997  22 2        0                                     
220208270  70  23U/F270  68   6 997 2        4 997 2      997 997 2      997  48 2        0                                     
220211293  60  22  F293   C   5 997 2        3 997 2      997 997 2      997  24 2        0                                     
220214 23  70  23  F 23   C   6 997 2        4 997 2      997 997 2      997  25 2        0                                     
220217360  90  24  F360   C   9 997 2        7 997 2      997 997 2      997  30 2        0                                     
220308 45  30  22U/F 45  90   5 997 2        3 997 2      997 997 2      997  47 2        0                                     
220311113  20  21U/F  C   C   0 997 2        0 997 2      997 997 2      997   0 2        0                                     
220314 23  40  22U/F 23  90   5 997 2        3 997 2      997 997 2      997 998 2        0                                     
220317 68  40  22  F 68   C   4 997 2        3 997 2      997 997 2      997  22 2        0                                     
220408 90  40  22  F 90   C   5 997 2        3 997 2      997 997 2      997  23 2        0                                     
220411 68  30  22U/F 68 113   7 997 2        5 997 2      997 997 2      997 998 2        0                                     
220414 23  60  22U/F 23 113   7 997 2        5 997 2      997 997 2      997 998 2        0                                     
220417 68  60  22  F 68   C   5 997 2        4 997 2      997 997 2      997  23 2        0                                     
220508113  50  22  F113   C   6 997 2        4 997 2      997 997 2      997  27 2        0                                     
220511 90  50  22U/F 90  90   7 997 2        5 997 2      997 997 2      997 998 2        0                                     
220514 68  60  22U/F 68  90   7 997 2        5 997 2      997 997 2      997  45 2        0                                     
220517 90  60  22U/F 90  90   7 997 2        5 997 2      997 997 2      997 998 2        0                                     
220608 90  70  23U/F 90  90   9 997 2        7 997 2      997 997 2      997  40 2        0                                     
220611 90  60  23U/F 90  90  10 997 2        8 997 2      997 997 2      997  45 2        0                                     
220614113  50  22U/F113  90  10 997 2        8 997 2      997 997 2      997 998 2        0                                     
220617113  40  22U/F113  90   7 997 2        5 997 2      997 997 2      997  48 2        0                                     
220708 90  30  22U/F 90  90   9 997 2        7 997 2      997 997 2      997  56 2        0                                     
220711 23 170  25  F 23   C  17 997 2       15 997 2      997 997 2      997  40 2        0                                     
220714 68 170  25  F 68   C  19 997 2       16 997 2      997 997 2      997 998 2        0                                     
220717 68 140  24  F 68   C  16 997 2       14 997 2      997 997 2      997 998 2        0                                     
220808 68 110  23  F 68   C  11 997 2        8 997 2      997 997 2      997  35 2        0                                     
220811998 998  2++++998 998 998 997 2      998 997 2      997 997 2      997 998 2        0                                     
220814 90 100  24  F 90   C  12 997 2        9 997 2      997 997 2      997  32 2        0                                     
220817 90  80  23  F 90   C  10 997 2        8 997 2      997 997 2      997  30 2        0                                     
220908113  80  23F/U113 113  12 997 2        9 997 2      997 997 2      997 998 2        0                                     
220911 68  80  23F/U 68  90  11 997 2        8 997 2      997 997 2      997  34 2        0                                     
220914 90 100  24F/U 90  90  14 997 2       11 997 2      997 997 2      997  38 2        0                                     
220917 90 100  24F/U 90  90  14 997 2       11 997 2      997 997 2      997  30 2        0                                     
221008 90 110  24  F 90   C  15 997 2       12 997 2      997 997 2      997  29 2        0                                     
221011 90  90  23  F 90   C  13 997 2       10 997 2      997 997 2      997  29 2        0                                     
221014 90 140  25  F 90   C  18 997 2       15 997 2      997 997 2      997  38 2        0                                     
221017 90  90  23  F 90   C  12 997 2       10 997 2      997 997 2      997  33 2        0                                     
221108 68  90  23F/U 68  90  12 997 2        9 997 2      997 997 2      997  28 2        0                                     
221111 90  90  23F/U 90  90  12 997 2        9 997 2      997 997 2      997  30 2        0                                     
221114 90  80  23U/F 90  90  10 997 2        8 997 2      997 997 2      997  33 2        0                                     
221117 90  80  23U/F 90  90  11 997 2        9 997 2      997 997 2      997 998 2        0                                     
221208 68  80  23U/F 68  68  12 997 2        9 997 2      997 997 2      997  32 2        0                                     
221211 68  90  23U/F 68  68  14 997 2       11 997 2      997 997 2      997  34 2        0                                     
221214 68  60  23U/F 68  68   9 997 2        7 997 2      997 997 2      997 998 2        0                                     
221217 90  70  23F/U 90  68  10 997 2        8 997 2      997 997 2      997  28 2        0                                     
221308 68  60  23U/F 68  68  11 997 2        9 997 2      997 997 2      997  48 2        0                                     
221311 90  30  22U/F 68  68   9 997 2        7 997 2      997 997 2      997  47 2        0                                     
221314 45  30  22U/F 68  68   7 997 2        5 997 2      997 997 2      997  43 2        0                                     
221317 68  30  22U/F 68  68   7 997 2        5 997 2      997 997 2      997  43 2        0                                     
221408113  20  22U/F113 113   7 997 2        5 997 2      997 997 2      997  41 2        0                                     
221411113  30  22U/F113 113   7 997 2        5 997 2      997 997 2      997  43 2        0                                     
221414158  30  22U/F158 113   6 997 2        4 997 2      997 997 2      997  62 2        0                                     
221417113  40  22U/F113 113   7 997 2        5 997 2      997 997 2      997  42 2        0                                     
221508 90  50  23F/U 90  90   7 997 2        5 997 2      997 997 2      997  28 2        0                                     
221511135  50  22  F135   C   6 997 2        4 997 2      997 997 2      997  29 2        0                                     
221514135  40  22F/U135 113   6 997 2        4 997 2      997 997 2      997 998 2        0                                     
221517158  70  23  F158   C   8 997 2        6 997 2      997 997 2      997 998 2        0                                     
221608225  60  23  F225   C   7 997 2        5 997 2      997 997 2      997  28 2        0                                     
221611203  80  23  F203   C   9 997 2        7 997 2      997 997 2      997 998 2        0                                     
221614203  70  23  F203   C   8 997 2        6 997 2      997 997 2      997  27 2        0                                     
221617203  40  22  F203   C   6 997 2        4 997 2      997 997 2      997 998 2        0                                     
221708360  80  23  F360   C   9 997 2        7 997 2      997 997 2      997  26 2        0                                     
221711360  80  23  F360   C  11 997 2        8 997 2      997 997 2      997  27 2        0                                     
221714338  80  23  F338   C   9 997 2        7 997 2      997 997 2      997  27 2        0                                     
221717360  30  22U/F 23  68   6 997 2        4 997 2      997 997 2      997  30 2        0                                     
221808 45  70  23F/U 45  68   9 997 2        7 997 2      997 997 2      997  29 2        0                                     
221811 45  70  23F/U 45  68  10 997 2        8 997 2      997 997 2      997  30 2        0                                     
221814 45  50  23U/F 45  68   8 997 2        6 997 2      997 997 2      997  33 2        0                                     
221817 45  30  22U/F 68  68   7 997 2        5 997 2      997 997 2      997  34 2        0                                     
221908 90  40  23U/F 90  90   7 997 2        5 997 2      997 997 2      997  34 2        0                                     
221911113  30  22U/F113  90   6 997 2        4 997 2      997 997 2      997  34 2        0                                     
221914113  30  22U/F113  90   6 997 2        4 997 2      997 997 2      997  35 2        0                                     
221917113  50  23U/F113  90   7 997 2        5 997 2      997 997 2      997 998 2        0                                     
222008135  50  23  F135   C   9 997 2        7 997 2      997 997 2      997  29 2        0                                     
222011135  70  23F/U135  90  11 997 2        9 997 2      997 997 2      997  31 2        0                                     
222014135  80  23F/U135  90  11 997 2        9 997 2      997 997 2      997 998 2        0                                     
222017135  80  23F/U135  90  13 997 2       11 997 2      997 997 2      997 998 2        0                                     
222108113  60  23F/U113  90   9 997 2        7 997 2      997 997 2      997  28 2        0                                     
222111113  80  23F/U113  90  11 997 2        9 997 2      997 997 2      997 998 2        0                                     
222114135  70  23U/F135  90  10 997 2        8 997 2      997 997 2      997  41 2        0                                     
222117135  70  23U/F135  90   8 997 2        6 997 2      997 997 2      997 998 2        0                                     
222208135  80  23  F135   C  10 997 2        8 997 2      997 997 2      997 998 2        0                                     
222211113  80  23  F113   C  12 997 2       10 997 2      997 997 2      997 998 2        0                                     
222214113 110  24  F113   C  15 997 2       13 997 2      997 997 2      997  34 2        0                                     
222217 90  80  23  F 90   C  13 997 2       11 997 2      997 997 2      997  31 2        0                                     
222308180  90  24  F180   C  14 997 2       12 997 2      997 997 2      997  34 2        0                                     
222311180  90  24  F180   C  14 997 2       12 997 2      997 997 2      997  34 2        0                                     
222314225  80  23  F225   C  13 997 2       11 997 2      997 997 2      997  32 2        0                                     
222317203  50  23  F203   C   8 997 2        6 997 2      997 997 2      997 998 2        0                                     
222408360  60  23U/F360 113   8 997 2        6 997 2      997 997 2      997  40 2        0                                     
222411 23 100  24  F 23   C  15 997 2       13 997 2      997 997 2      997  33 2        0                                     
222414 23  80  23  F 23   C  14 997 2       12 997 2      997 997 2      997  31 2        0                                     
222417 23  90  23  F 23   C  15 997 2       13 997 2      997 997 2      997  32 2        0                                     
222508 45 100  24  F 45   C  15 997 2       13 997 2      997 997 2      997  32 2        0                                     
222511 45 110  24  F 45   C  16 997 2       14 997 2      997 997 2      997  33 2        0                                     
222514 45 120  25  F 45   C  17 997 2       15 997 2      997 997 2      997  35 2        0                                     
222517 68  90  24  F 68   C  16 997 2       14 997 2      997 997 2      997  33 2        0                                     
222608 68  80  23U/F 68  90  13 997 2       11 997 2      997 997 2      997  41 2        0                                     
222611 68  90  24F/U 68  90  15 997 2       13 997 2      997 997 2      997 998 2        0                                     
222614 68  80  23U/F 68  90  14 997 2       12 997 2      997 997 2      997  41 2        0                                     
222617 68  90  24F/U 68  90  15 997 2       13 997 2      997 997 2      997  31 2        0                                     
222708 68  70  23U/F 68  90  12 997 2       10 997 2      997 997 2      997 998 2        0                                     
222711 68  70  23U/F 68  90  13 997 2       11 997 2      997 997 2      997  40 2        0                                     
222714 90 100  24F/U 90  90  15 997 2       13 997 2      997 997 2      997 998 2        0                                     
222717113  70  23U/F113  90  14 997 2       12 997 2      997 997 2      997  41 2        0                                     
222808180  60  23U/F180  90  13 997 2       11 997 2      997 997 2      997  42 2        0                                     
222811203  60  23U/F203  90  12 997 2       10 997 2      997 997 2      997  40 2        0                                     
222814248 110  24F/U248  90  14 997 2       12 997 2      997 997 2      997 998 2        0                                     
222817270 160  25  F270   C  19 997 2       16 997 2      997 997 2      997  38 2        0                                     
222908 45  40  22U/F 45  68  12 997 2       10 997 2      997 997 2      997 998 2        0                                     
222911158  20  21U/F158  68   9 997 2        7 997 2      997 997 2      997  48 2        0                                     
222914180  30  21U/F180  68   6 997 2        4 997 2      997 997 2      997 998 2        0                                     
222917158  20  22U/F158  68   4 997 2        3 997 2      997 997 2      997  36 2        0                                     
223008113 120  25  F113   C  17 997 2       15 997 2      997 997 2      997 998 2        0                                     
223011113 120  24  F113   C  15 997 2       13 997 2      997 997 2      997 998 2        0                                     
223014158 120  24  F158   C  15 997 2       13 997 2      997 997 2      997  35 2        0                                     
213017158 120  24  F158   C  16 997 2       14 997 2      997 997 2      997  36 2        0                                     
