12 0004                31060N122080E199902        0   0  0180  0  012642                                                        
220108360 100  24  F360   C  13 997 2       10 997 2      997 997 2      997 998 2        0                                     
220111360  90  23  F360   C  11 997 2        9 997 2      997 997 2      997  29 2        0                                     
220114360  60  23U/F360  68  10 997 2        8 997 2      997 997 2      997  30 2        0                                     
220117338  90  23  F338   C   9 997 2        7 997 2      997 997 2      997  26 2        0                                     
220208315 110  24  F315   C  14 997 2       11 997 2      997 997 2      997  29 2        0                                     
220211338 110  24  F338   C  15 997 2       12 997 2      997 997 2      997  29 2        0                                     
220214338 120  24  F338   C  16 997 2       13 997 2      997 997 2      997  28 2        0                                     
220217315 130  24  F315   C  18 997 2       15 997 2      997 997 2      997  22 2        0                                     
220308315 130  24  F315   C  16 997 2       13 997 2      997 997 2      997  27 2        0                                     
220311338 130  25  F338   C  18 997 2       15 997 2      997 997 2      997  29 2        0                                     
220314338 140  25  F338   C  18 997 2       15 997 2      997 997 2      997  27 2        0                                     
220317315 120  24  F315   C  16 997 2       13 997 2      997 997 2      997  21 2        0                                     
220408270  80  23  F270   C   8 997 2        6 997 2      997 997 2      997  20 2        0                                     
220411293  80  23  F293   C  10 997 2        8 997 2      997 997 2      997  26 2        0                                     
220414315  90  23  F315   C  10 997 2        8 997 2      997 997 2      997  25 2        0                                     
220417315  70  23F/U315  68  10 997 2        8 997 2      997 997 2      997 998 2        0                                     
220508270  60  23  F270   C   7 997 2        5 997 2      997 997 2      997  24 2        0                                     
220511270  70  23F/U270  68   9 997 2        7 997 2      997 997 2      997  27 2        0                                     
220514360  20  22U/F  C  90   6 997 2        4 997 2      997 997 2      997  35 2        0                                     
220517  C   0  21U/F  C   C   0 997 2        0 997 2      997 997 2      997   0 2        0                                     
220608 45  20  21U/F  C   C   0 997 2        0 997 2      997 997 2      997   0 2        0                                     
220611360  30  22U/F  C  90   4 997 2        3 997 2      997 997 2      997  36 2        0                                     
220614 68  50  22U/F 68  90   7 997 2        5 997 2      997 997 2      997  40 2        0                                     
220617 90  40  22U/F 90  90   6 997 2        4 997 2      997 997 2      997  41 2        0                                     
220708 90  30  22U/F  C  90   6 997 2        4 997 2      997 997 2      997  41 2        0                                     
220711 90  30  22U/F  C  90   6 997 2        4 997 2      997 997 2      997 998 2        0                                     
220714113  60  22U/F113  90   5 997 2        3 997 2      997 997 2      997  39 2        0                                     
220717113  50  22U/F113  90   6 997 2        4 997 2      997 997 2      997  40 2        0                                     
220808 90  30  21U/F 90  90   4 997 2        3 997 2      997 997 2      997  39 2        0                                     
220811 90  20  21U/F 90  90   4 997 2        3 997 2      997 997 2      997 998 2        0                                     
220814 90  20  21U/F  C   C   0 997 2        0 997 2      997 997 2      997   0 2        0                                     
220817 90  50  22U/F 90  90   5 997 2        3 997 2      997 997 2      997 998 2        0                                     
220908113  30  22U/F113  90   6 997 2        4 997 2      997 997 2      997  42 2        0                                     
220911113  30  22U/F113  90   5 997 2        4 997 2      997 997 2      997  40 2        0                                     
220914113  40  22U/F113  90   6 997 2        4 997 2      997 997 2      997  40 2        0                                     
220917 90  60  23U/F 90  90   7 997 2        5 997 2      997 997 2      997  41 2        0                                     
221008113  70  23F/U113  90  10 997 2        8 997 2      997 997 2      997  28 2        0                                     
221011135  70  23F/U135  90  13 997 2       11 997 2      997 997 2      997  30 2        0                                     
221014135 130  23  F135   C  15 997 2       13 997 2      997 997 2      997 998 2        0                                     
221017 68  50  23U/F 68  90   9 997 2        7 997 2      997 997 2      997  40 2        0                                     
221108315 110  24  F315   C  15 997 2       13 997 2      997 997 2      997 998 2        0                                     
221111315 160  25  F315   C  18 997 2       16 997 2      997 997 2      997 998 2        0                                     
221114315 160  25  F315   C  21 997 2       18 997 2      997 997 2      997  36 2        0                                     
221117315 120  24  F315   C  16 997 2       14 997 2      997 997 2      997 998 2        0                                     
221208338 110  24  F338   C  16 997 2       14 997 2      997 997 2      997  31 2        0                                     
221211338 130  24  F338   C  16 997 2       14 997 2      997 997 2      997  30 2        0                                     
221214338 120  24  F338   C  15 997 2       13 997 2      997 997 2      997 998 2        0                                     
221217360 170  25  F360   C  19 997 2       16 997 2      997 997 2      997 998 2        0                                     
221308 23  50  23U/F 23  45   7 997 2        5 997 2      997 997 2      997 998 2        0                                     
221311 45  40  22U/F 45  45   6 997 2        4 997 2      997 997 2      997 998 2        0                                     
221314135  20  21U/F  C   C   0 997 2        0 997 2      997 997 2      997   0 2        0                                     
221317998 998  2++++998 998 998 997 2      998 997 2      997 997 2      997 998 2        0                                     
221408135  50  23  F135   C   5 997 2        3 997 2      997 997 2      997 998 2        0                                     
221411135  90  23F/U135  68   8 997 2        6 997 2      997 997 2      997 998 2        0                                     
221414135  80  23F/U135  68   9 997 2        7 997 2      997 997 2      997 998 2        0                                     
221417113  90  23  F113   C  11 997 2        9 997 2      997 997 2      997  29 2        0                                     
221508113  70  23U/F113 135  10 997 2        8 997 2      997 997 2      997  38 2        0                                     
221511 90  40  22U/F 90 135   7 997 2        5 997 2      997 997 2      997  40 2        0                                     
221514113  10  21U/F  C   C   0 997 2        0 997 2      997 997 2      997   0 2        0                                     
221517 45  60  22U/F 45  68   7 997 2        5 997 2      997 997 2      997 998 2        0                                     
221608248  50  22U/F248 113   7 997 2        5 997 2      997 997 2      997 998 2        0                                     
221611 23  20  21U/F  C   C   0 997 2        0 997 2      997 997 2      997   0 2        0                                     
221614180  20  21U/F  C   C   0 997 2        0 997 2      997 997 2      997   0 2        0                                     
221617158  20  21U/F  C   C   0 997 2        0 997 2      997 997 2      997   0 2        0                                     
221708158  20  21U/F  C   C   0 997 2        0 997 2      997 997 2      997   0 2        0                                     
221711158  70  22U/F158  68   6 997 2        4 997 2      997 997 2      997  37 2        0                                     
221714158  60  22U/F158  68   6 997 2        4 997 2      997 997 2      997 998 2        0                                     
221717158  40  21U/F  C   C   0 997 2        0 997 2      997 997 2      997   0 2        0                                     
221808293  40  21U/F  C   C   0 997 2        0 997 2      997 997 2      997   0 2        0                                     
221811315  80  23  F315   0   9 997 2        7 997 2      997 997 2      997 998 2        0                                     
221814338  60  23  F338   C   9 997 2        7 997 2      997 997 2      997  31 2        0                                     
221817315 110  24  F315   C  14 997 2       12 997 2      997 997 2      997  30 2        0                                     
221908338 140  24  F338   C  17 997 2       15 997 2      997 997 2      997  29 2        0                                     
221911338  90  24  F338   C  13 997 2       11 997 2      997 997 2      997  28 2        0                                     
221914338 120  24F/U338  45  16 997 2       14 997 2      997 997 2      997 998 2        0                                     
221917360  90  23F/U360  45   9 997 2        7 997 2      997 997 2      997 998 2        0                                     
222008293  70  22  F293   C   7 997 2        5 997 2      997 997 2      997  21 2        0                                     
222011293  60  22U/F293  45  10 997 2        8 997 2      997 997 2      997 998 2        0                                     
222014338  50  22U/F338  45   7 997 2        6 997 2      997 997 2      997  39 2        0                                     
222017338  70  22  F338   C   7 997 2        5 997 2      997 997 2      997  22 2        0                                     
222108360  50  22  F360   C   5 997 2        3 997 2      997 997 2      997 998 2        0                                     
222111360  60  22F/U360  68   8 997 2        6 997 2      997 997 2      997  24 2        0                                     
222114360  50  22F/U360  68   7 997 2        5 997 2      997 997 2      997  23 2        0                                     
222117360  70  23F/U360  68   9 997 2        7 997 2      997 997 2      997 998 2        0                                     
222208 90  10  21U/F  C   C   0 997 2        0 997 2      997 997 2      997   0 2        0                                     
222211135  10  21U/F  C  68   6 997 2        4 997 2      997 997 2      997  44 2        0                                     
222214135  10  21U/F  C   C   0 997 2        0 997 2      997 997 2      997   0 2        0                                     
222217 90  60  22  F 90   C   7 997 2        5 997 2      997 997 2      997  24 2        0                                     
222308135  90  23F/U135  90  12 997 2       10 997 2      997 997 2      997  29 2        0                                     
222311135 100  24F/U135  90  13 997 2       11 997 2      997 997 2      997 998 2        0                                     
222314135  90  24  F135   C  13 997 2       11 997 2      997 997 2      997 998 2        0                                     
222317158  90  24  F158   C  11 997 2        9 997 2      997 997 2      997  29 2        0                                     
222408293 120  24  F293   C  15 997 2       13 997 2      997 997 2      997 998 2        0                                     
222411315 100  24  F315   C  13 997 2       11 997 2      997 997 2      997  30 2        0                                     
222414293  50  22  F293   C   7 997 2        5 997 2      997 997 2      997 998 2        0                                     
222417 23  50  22U/F 23  68   9 997 2        7 997 2      997 997 2      997 998 2        0                                     
222508113  50  22U/F113  68   9 997 2        7 997 2      997 997 2      997 998 2        0                                     
222511135  60  23F/U135  68   9 997 2        7 997 2      997 997 2      997  30 2        0                                     
222514158  70  23F/U158  68  10 997 2        8 997 2      997 997 2      997 998 2        0                                     
222517135  90  23  F135   C  11 997 2        9 997 2      997 997 2      997 998 2        0                                     
222608203  10  21U/F  C  68   7 997 2        5 997 2      997 997 2      997 998 2        0                                     
222611315  80  23F/U315  68   9 997 2        7 997 2      997 997 2      997  27 2        0                                     
222614338 100  24  F338   C  12 997 2       10 997 2      997 997 2      997 998 2        0                                     
222617360 100  24F/U360  45  12 997 2       10 997 2      997 997 2      997 998 2        0                                     
222708 23 140  24  F 23   C  15 997 2       13 997 2      997 997 2      997  30 2        0                                     
222711 23 130  24  F 23   C  14 997 2       12 997 2      997 997 2      997 998 2        0                                     
222714360 110  24  F360   C  12 997 2       10 997 2      997 997 2      997  24 2        0                                     
222717360 110  24  F360   C  12 997 2       10 997 2      997 997 2      997  22 2        0                                     
222808 23  40  22U/F 23  68  12 997 2       10 997 2      997 997 2      997 998 2        0                                     
222811 23  10  21U/F  C  68   9 997 2        7 997 2      997 997 2      997  51 2        0                                     
222814180  30  21U/F  C   C   0 997 2        0 997 2      997 997 2      997   0 2        0                                     
212817180  40  21U/F  C  90   6 997 2        4 997 2      997 997 2      997  41 2        0                                     
