12 0004                31060N122080E199901        0   0  0180  0  012642                                                        
220108360  80  23F/U360  68  11 997 2        9 997 2      997 997 2      997  25 2        0                                     
220111360  60  23U/F360  68   9 997 2        7 997 2      997 997 2      997 998 2        0                                     
220114360  60  23U/F360  68   9 997 2        7 997 2      997 997 2      997 998 2        0                                     
220117360  50  22U/F360  68   8 997 2        6 997 2      997 997 2      997  32 2        0                                     
220208315  40  22U/F315  68   7 997 2        5 997 2      997 997 2      997 998 2        0                                     
220211315  50  22U/F315  68   8 997 2        6 997 2      997 997 2      997  35 2        0                                     
220214315  50  22U/F315  68   8 997 2        6 997 2      997 997 2      997 998 2        0                                     
220217315  40  22U/F315  68   8 997 2        6 997 2      997 997 2      997  35 2        0                                     
220308293  30  22U/F293  68   7 997 2        5 997 2      997 997 2      997 998 2        0                                     
220311270  20  22U/F293  68   7 997 2        5 997 2      997 997 2      997  34 2        0                                     
220314315  30  22U/F  C  68   6 997 2        4 997 2      997 997 2      997  32 2        0                                     
220317315  20  22U/F  C  68   6 997 2        4 997 2      997 997 2      997 998 2        0                                     
220408315  50  22U/F315  68   8 997 2        6 997 2      997 997 2      997 998 2        0                                     
220411338  60  23F/U338  68   8 997 2        6 997 2      997 997 2      997  27 2        0                                     
220414338  60  23F/U338  68   9 997 2        7 997 2      997 997 2      997  29 2        0                                     
220417338  40  22F/U338  68   7 997 2        5 997 2      997 997 2      997  25 2        0                                     
220508 23  50  22F/U 23  68   7 997 2        5 997 2      997 997 2      997  26 2        0                                     
220511 23  30  22F/U 23  68   6 997 2        4 997 2      997 997 2      997 998 2        0                                     
220514 23  40  22U/F 23  68   7 997 2        5 997 2      997 997 2      997 998 2        0                                     
220517 23  20  21U/F  C  68   6 997 2        4 997 2      997 997 2      997  32 2        0                                     
220608338  30  21U/F  C  45   6 997 2        4 997 2      997 997 2      997  32 2        0                                     
220611338  40  22U/F338  45   7 997 2        5 997 2      997 997 2      997 998 2        0                                     
220614338  80  23F/U338  45  10 997 2        8 997 2      997 997 2      997  27 2        0                                     
220617338  80  23F/U338  45  12 997 2       10 997 2      997 997 2      997 998 2        0                                     
220708315 120  24  F315   C  16 997 2       14 997 2      997 997 2      997  28 2        0                                     
220711338 140  24  F338   C  17 997 2       15 997 2      997 997 2      997 998 2        0                                     
220714338 160  24  F338   C  18 997 2       16 997 2      997 997 2      997  32 2        0                                     
220717338 140  24  F338   C  17 997 2       15 997 2      997 997 2      997  29 2        0                                     
220808338 100  24  F338   C  14 997 2       12 997 2      997 997 2      997  28 2        0                                     
220811338 120  24  F338   C  16 997 2       14 997 2      997 997 2      997 998 2        0                                     
220814338 110  24  F338   C  15 997 2       13 997 2      997 997 2      997 998 2        0                                     
220817338 100  24  F338   C  15 997 2       13 997 2      997 997 2      997 998 2        0                                     
220908338 110  24  F338   C  14 997 2       12 997 2      997 997 2      997  28 2        0                                     
220911338  90  23  F338   C  11 997 2        9 997 2      997 997 2      997  26 2        0                                     
220914338 110  23  F338   C  13 997 2       11 997 2      997 997 2      997  27 2        0                                     
220917338 110  23  F338   C  14 997 2       12 997 2      997 997 2      997 998 2        0                                     
221008315  90  23  F315   C  13 997 2       10 997 2      997 997 2      997  27 2        0                                     
221011338  80  23  F338   C  11 997 2        9 997 2      997 997 2      997  27 2        0                                     
221014338 110  24F/U338  45  16 997 2       14 997 2      997 997 2      997 998 2        0                                     
221017338  80  23F/U338  45  13 997 2       11 997 2      997 997 2      997  29 2        0                                     
221108293 120  24F/U293  45  15 997 2       13 997 2      997 997 2      997 998 2        0                                     
221111293 110  24  F293   C  14 997 2       12 997 2      997 997 2      997  31 2        0                                     
221114338 110  24F/U338  45  14 997 2       12 997 2      997 997 2      997 998 2        0                                     
221117360 100  24  F360   C  14 997 2       12 997 2      997 997 2      997  31 2        0                                     
221208360 120  24  F360   C  15 997 2       13 997 2      997 997 2      997 998 2        0                                     
221211338 140  25  F338   C  17 997 2       15 997 2      997 997 2      997  36 2        0                                     
221214338 190  25  F338   C  21 997 2       18 997 2      997 997 2      997  37 2        0                                     
221215338 180  25  F338   C  20 997 2       18 997 2      997 997 2      997 998 2        0                                     
221216338 170  25  F338   C  21 997 2       19 997 2      997 997 2      997 998 2        0                                     
221217338 150  25  F338   C  21 997 2       19 997 2      997 997 2      997 998 2        0                                     
221308338  70  23  F338   C   8 997 2        6 997 2      997 997 2      997  26 2        0                                     
221311 23  90  23U/F 23  45  10 997 2        8 997 2      997 997 2      997 998 2        0                                     
221314 23  60  23U/F 23  45   7 997 2        5 997 2      997 997 2      997  39 2        0                                     
221317 23  80  23U/F 23  45   7 997 2        5 997 2      997 997 2      997 998 2        0                                     
221408 23 110  23F/U 23  45  13 997 2       11 997 2      997 997 2      997 998 2        0                                     
221411 23 130  24F/U 23  45  16 997 2       14 997 2      997 997 2      997 998 2        0                                     
221414360 190  25  F360   C  23 997 2       21 997 2      997 997 2      997  38 2        0                                     
221415360 190  25  F360   C  23 997 2       20 997 2      997 997 2      997 998 2        0                                     
221416360 210  26  F360   C  25 997 2       22 997 2      997 997 2      997 998 2        0                                     
221417338 210  25  F338   C  26 997 2       23 997 2      997 997 2      997 998 2        0                                     
221508293 140  25  F293   C  21 997 2       19 997 2      997 997 2      997 998 2        0                                     
221511315 190  25  F315   C  24 997 2       21 997 2      997 997 2      997 998 2        0                                     
221512315 200  25  F315   C  24 997 2       21 997 2      997 997 2      997 998 2        0                                     
221513315 180  25  F315   C  23 997 2       20 997 2      997 997 2      997  34 2        0                                     
221514315 170  25  F315   C  23 997 2       19 997 2      997 997 2      997  35 2        0                                     
221517315 120  23  F315   C  13 997 2       11 997 2      997 997 2      997  26 2        0                                     
221608315 100  23  F315   C  13 997 2       11 997 2      997 997 2      997 998 2        0                                     
221611315  70  23U/F315  45  10 997 2        8 997 2      997 997 2      997 998 2        0                                     
221614315  80  23U/F315  45   7 997 2        5 997 2      997 997 2      997 998 2        0                                     
221617338  40  21U/F  C   C   0 997 2        0 997 2      997 997 2      997   0 2        0                                     
221708315  50  23U/F315  45   9 997 2        7 997 2      997 997 2      997 998 2        0                                     
221711360  50  23U/F360  45   7 997 2        5 997 2      997 997 2      997  40 2        0                                     
221714360  50  23U/F360  45   7 997 2        5 997 2      997 997 2      997  40 2        0                                     
221717 68  60  23F/U 68  45   8 997 2        6 997 2      997 997 2      997  25 2        0                                     
221808 90   9  23F/U 90  90   7 997 2        5 997 2      997 997 2      997  27 2        0                                     
221811113 110  23F/U113  90   9 997 2        7 997 2      997 997 2      997  30 2        0                                     
221814135  60  23U/F135  90  10 997 2        8 997 2      997 997 2      997  44 2        0                                     
221817360  20  21U/F360  90   6 997 2        4 997 2      997 997 2      997  38 2        0                                     
221908315 140  24  F315   C  13 997 2       11 997 2      997 997 2      997  33 2        0                                     
221911315  80  24  F315   C  14 997 2       12 997 2      997 997 2      997  34 2        0                                     
221914315 130  25  F315   C  18 997 2       16 997 2      997 997 2      997  35 2        0                                     
221917360 100  23  F360   C   7 997 2        5 997 2      997 997 2      997  23 2        0                                     
222008360 170  24  F360   C  15 997 2       13 997 2      997 997 2      997 998 2        0                                     
222011360 130  24  F360   C  15 997 2       13 997 2      997 997 2      997  33 2        0                                     
222014360 150  25  F360   C  19 997 2       16 997 2      997 997 2      997  34 2        0                                     
222017360 120  23  F360   C  11 997 2        9 997 2      997 997 2      997  27 2        0                                     
222108 45  40  22  F 45   C   6 997 2        4 997 2      997 997 2      997  20 2        0                                     
222111 23  30  21U/F  C   C   0 997 2        0 997 2      997 997 2      997   0 2        0                                     
222114 90  40  22U/F 90  68   5 997 2        4 997 2      997 997 2      997  38 2        0                                     
222117113  40  22U/F113  68   4 997 2        3 997 2      997 997 2      997  37 2        0                                     
222208180  50  23U/F180  68   8 997 2        6 997 2      997 997 2      997  43 2        0                                     
222211135  30  21U/F  C   C   0 997 2        0 997 2      997 997 2      997   0 2        0                                     
222214158  40  21U/F  C   C   0 997 2        0 997 2      997 997 2      997   0 2        0                                     
222217 90  40  21U/F 90  68   6 997 2        4 997 2      997 997 2      997 998 2        0                                     
222308180 110  23  F180   C  11 997 2        9 997 2      997 997 2      997  30 2        0                                     
222311225  90  23U/F225 113  13 997 2       11 997 2      997 997 2      997  43 2        0                                     
222314315  90  23F/U315 113  13 997 2       11 997 2      997 997 2      997  28 2        0                                     
222317315 150  24  F315   C  16 997 2       14 997 2      997 997 2      997  34 2        0                                     
222408360  60  23U/F360  45  14 997 2       12 997 2      997 997 2      997  46 2        0                                     
222411 23  30  21U/F 23  45  14 997 2       12 997 2      997 997 2      997 998 2        0                                     
222414360  30  21U/F  C  90   8 997 2        6 997 2      997 997 2      997  35 2        0                                     
222417360  40  22U/F360  68  14 997 2       12 997 2      997 997 2      997 998 2        0                                     
222508293  70  23  F293   C   8 997 2        6 997 2      997 997 2      997  29 2        0                                     
222511293  90  23  F293   C  10 997 2        8 997 2      997 997 2      997  30 2        0                                     
222514338  90  23  F338   C  11 997 2        9 997 2      997 997 2      997 998 2        0                                     
222517360  70  23  F360   C   9 997 2        7 997 2      997 997 2      997  29 2        0                                     
222608248  20  21U/F  C  68   6 997 2        4 997 2      997 997 2      997 998 2        0                                     
222611 68  40  22U/F 68  68   7 997 2        5 997 2      997 997 2      997  42 2        0                                     
222614 90  50  23F/U 90  68   8 997 2        6 997 2      997 997 2      997 998 2        0                                     
222617113  50  23U/F113  68   8 997 2        6 997 2      997 997 2      997  32 2        0                                     
222708135  70  23F/U135  90   9 997 2        7 997 2      997 997 2      997 998 2        0                                     
222711248  30  21U/F  C  90   6 997 2        4 997 2      997 997 2      997  42 2        0                                     
222714270  40  22U/F  C  90   7 997 2        5 997 2      997 997 2      997  33 2        0                                     
222717315  30  22U/F  C  90   7 997 2        5 997 2      997 997 2      997  34 2        0                                     
222808 45 100  23F/U 45  45  14 997 2       11 997 2      997 997 2      997  27 2        0                                     
222811 45  70  23F/U 45  68  10 997 2        8 997 2      997 997 2      997  30 2        0                                     
222814 23  40  22U/F 23  68   8 997 2        6 997 2      997 997 2      997  36 2        0                                     
222817 23  40  22U/F 23  68   8 997 2        6 997 2      997 997 2      997  34 2        0                                     
222908360  30  22U/F  C  68   6 997 2        4 997 2      997 997 2      997  35 2        0                                     
222911338  50  23U/F338  68   8 997 2        6 997 2      997 997 2      997  37 2        0                                     
222914360  90  23  F360   C  10 997 2        8 997 2      997 997 2      997  29 2        0                                     
222917360 100  24  F360   C  13 997 2       10 997 2      997 997 2      997  29 2        0                                     
223008 68  40  22U/F 68  68   7 997 2        5 997 2      997 997 2      997  36 2        0                                     
223011 68  80  23F/U 68  68  10 997 2        8 997 2      997 997 2      997  28 2        0                                     
223014113  60  23F/U113  90   8 997 2        6 997 2      997 997 2      997  27 2        0                                     
223017 90  60  23U/F 90  90   8 997 2        6 997 2      997 997 2      997  32 2        0                                     
223108 90  70  23F/U 90  90  10 997 2        8 997 2      997 997 2      997 998 2        0                                     
223111 90  90  23F/U 90  90  11 997 2        9 997 2      997 997 2      997  30 2        0                                     
223114 90  60  23U/F 90  90  10 997 2        8 997 2      997 997 2      997  35 2        0                                     
213117 68  60  23F/U 68  68   8 997 2        6 997 2      997 997 2      997  30 2        0                                     
