12 0004                31060N122080E199903        0   0  0180  0  012642                                                        
220108248  40  22  F248   C   6 997 2        4 997 2      997 997 2      997 998 2        0                                     
220111225  60  22  F225   C   7 997 2        5 997 2      997 997 2      997 998 2        0                                     
220114203  70  22  F203   C   8 997 2        6 997 2      997 997 2      997 998 2        0                                     
220117180  40  22  F180   C   6 997 2        4 997 2      997 997 2      997  25 2        0                                     
220208113  40  22U/F113 113   7 997 2        5 997 2      997 997 2      997  32 2        0                                     
220211113  80  23F/U113 113   9 997 2        7 997 2      997 997 2      997  30 2        0                                     
220214158  50  23F/U158 135   7 997 2        5 997 2      997 997 2      997  31 2        0                                     
220217 68  50  23  F 68   C   7 997 2        5 997 2      997 997 2      997  28 2        0                                     
220308 45  40  22U/F 45  68   6 997 2        4 997 2      997 997 2      997 998 2        0                                     
220311 90  60  23F/U 90  90   7 997 2        5 997 2      997 997 2      997  28 2        0                                     
220314 68  40  22U/F 68  90   8 997 2        6 997 2      997 997 2      997  42 2        0                                     
220317 90  30  22U/F 90  90   6 997 2        4 997 2      997 997 2      997  41 2        0                                     
220408113  30  22U/F113 113   6 997 2        4 997 2      997 997 2      997 998 2        0                                     
220411135  50  23F/U135 113   7 997 2        5 997 2      997 997 2      997  31 2        0                                     
220414158  30  22U/F158 113   6 997 2        4 997 2      997 997 2      997  43 2        0                                     
220417158  40  22U/F158 113   6 997 2        4 997 2      997 997 2      997 998 2        0                                     
220508225  40  22U/F225  90   6 997 2        4 997 2      997 997 2      997  44 2        0                                     
220511225  30  22U/F225  90   5 997 2        3 997 2      997 997 2      997 998 2        0                                     
220514360 100  23  F360   C  14 997 2       11 997 2      997 997 2      997  26 2        0                                     
220517 23  90  23  F 23   C  13 997 2       10 997 2      997 997 2      997 998 2        0                                     
220608 45  50  23U/F 45  68   7 997 2        5 997 2      997 997 2      997 998 2        0                                     
220611 68  50  23U/F 68  68  10 997 2        8 997 2      997 997 2      997  33 2        0                                     
220614 90  50  23F/U 90  90   7 997 2        5 997 2      997 997 2      997  29 2        0                                     
220617 90  50  23F/U 90  90   7 997 2        5 997 2      997 997 2      997  29 2        0                                     
220708360 170  25  F360   C  19 997 2       16 997 2      997 997 2      997  27 2        0                                     
220711360 150  25  F360   C  18 997 2       15 997 2      997 997 2      997  28 2        0                                     
220714360 140  24  F360   C  18 997 2       15 997 2      997 997 2      997  28 2        0                                     
220717360 130  24  F360   C  16 997 2       13 997 2      997 997 2      997  27 2        0                                     
220808 23  50  22  F 23   C   6 997 2        4 997 2      997 997 2      997  25 2        0                                     
220811 23  40  22U/F 23  68   7 997 2        5 997 2      997 997 2      997  38 2        0                                     
220814 23  40  22U/F 23  68   6 997 2        4 997 2      997 997 2      997  39 2        0                                     
220817 23  70  23  F 23   C   9 997 2        7 997 2      997 997 2      997  28 2        0                                     
220908 23 150  25  F 23   C  18 997 2       15 997 2      997 997 2      997 998 2        0                                     
220911 23 130  24  F 23   C  16 997 2       13 997 2      997 997 2      997  29 2        0                                     
220914 23 110  24  F 23   C  15 997 2       12 997 2      997 997 2      997  27 2        0                                     
220917 45 100  23  F 45   C  14 997 2       11 997 2      997 997 2      997  26 2        0                                     
221008 45  60  23F/U 45  45   8 997 2        6 997 2      997 997 2      997  27 2        0                                     
221011 23 100  23F/U 23  23  13 997 2       10 997 2      997 997 2      997 998 2        0                                     
221014 45 100  24F/U 45  45  14 997 2       11 997 2      997 997 2      997  31 2        0                                     
221017 23 110  24F/U 23  23  16 997 2       13 997 2      997 997 2      997  32 2        0                                     
221108 23 150  25U/F 23  23  20 997 2       17 997 2      997 997 2      997  43 2        0                                     
221111 45 100  23F/U 45  45  14 997 2       11 997 2      997 997 2      997  30 2        0                                     
221114 68 100  24F/U 68  68  15 997 2       12 997 2      997 997 2      997 998 2        0                                     
221117 45  90  23F/U 45  68  14 997 2       11 997 2      997 997 2      997  32 2        0                                     
221208 90  60  23U/F 90  68  13 997 2       10 997 2      997 997 2      997 998 2        0                                     
221211 45  40  22U/F 45  68   7 997 2        5 997 2      997 997 2      997 998 2        0                                     
221214113  50  23U/F113  68  11 997 2        9 997 2      997 997 2      997 998 2        0                                     
221217113  70  23U/F113  68  13 997 2       10 997 2      997 997 2      997 998 2        0                                     
221308 45  40  22U/F 45  68   7 997 2        5 997 2      997 997 2      997  35 2        0                                     
221311 45  60  23F/U 45  68   8 997 2        6 997 2      997 997 2      997  24 2        0                                     
221314 23  80  23F/U 45  68   9 997 2        7 997 2      997 997 2      997  24 2        0                                     
221317 23 110  23U/F 45  68  15 997 2       12 997 2      997 997 2      997 998 2        0                                     
221408 45  80  23U/F 45  68  13 997 2       10 997 2      997 997 2      997  53 2        0                                     
221411180  30  22U/F180  68   9 997 2        7 997 2      997 997 2      997  49 2        0                                     
221414270  90  23  F270   C  10 997 2        8 997 2      997 997 2      997  21 2        0                                     
221417293  90  23  F293   C   9 997 2        7 997 2      997 997 2      997  22 2        0                                     
221508315 130  24  F315   C  16 997 2       13 997 2      997 997 2      997 998 2        0                                     
221511315 120  24  F315   C  15 997 2       12 997 2      997 997 2      997 998 2        0                                     
221514338 120  24  F315   C  15 997 2       12 997 2      997 997 2      997  24 2        0                                     
221517360  90  23  F338   C  10 997 2        8 997 2      997 997 2      997  20 2        0                                     
221608135  10  21U/F  C  68  10 997 2        8 997 2      997 997 2      997  54 2        0                                     
221611135  50  22U/F135  68   9 997 2        7 997 2      997 997 2      997  49 2        0                                     
221614158  30  22U/F135  68   8 997 2        6 997 2      997 997 2      997  40 2        0                                     
221617113  80  23F/U113  68  10 997 2        8 997 2      997 997 2      997  25 2        0                                     
221708135  70  23U/F135 113   9 997 2        7 997 2      997 997 2      997 998 2        0                                     
221711135  70  23U/F135 113   8 997 2        6 997 2      997 997 2      997  38 2        0                                     
221714158  50  22U/F135 113   8 997 2        6 997 2      997 997 2      997 998 2        0                                     
221717135  80  23F/U135 113   9 997 2        7 997 2      997 997 2      997  23 2        0                                     
221808135  60  22U/F135 113   8 997 2        6 997 2      997 997 2      997 998 2        0                                     
221811203  50  22U/F203 113   8 997 2        6 997 2      997 997 2      997 998 2        0                                     
221814225  10  21U/F  C   C   0 997 2        0 997 2      997 997 2      997   0 2        0                                     
221817360  90  23  F360   C   8 997 2        6 997 2      997 997 2      997  20 2        0                                     
221908360 120  23  F360   C  13 997 2       10 997 2      997 997 2      997  20 2        0                                     
221911360 120  24  F360   C  15 997 2       12 997 2      997 997 2      997  24 2        0                                     
221914360 140  24  F360   C  16 997 2       14 997 2      997 997 2      997 998 2        0                                     
221917360 130  24  F360   C  15 997 2       13 997 2      997 997 2      997  21 2        0                                     
222008 23 120  24  F 23   C  15 997 2       12 997 2      997 997 2      997  22 2        0                                     
222011 45 120  24F/U 45  68  14 997 2       12 997 2      997 997 2      997  28 2        0                                     
222014 45 110  24F/U 45  68  16 997 2       13 997 2      997 997 2      997 998 2        0                                     
222017 23  90  24F/U 45  68  13 997 2       10 997 2      997 997 2      997  22 2        0                                     
222108360  90  23  F360   C  11 997 2        9 997 2      997 997 2      997  26 2        0                                     
222111360 100  23  F360   C  13 997 2       10 997 2      997 997 2      997 998 2        0                                     
222114360 130  24  F360   C  16 997 2       13 997 2      997 997 2      997  26 2        0                                     
222117360 130  24  F360   C  16 997 2       13 997 2      997 997 2      997 998 2        0                                     
222208 23 110  23  F 23   C  12 997 2       10 997 2      997 997 2      997  22 2        0                                     
222211 23  90  23  F 23   C  10 997 2        8 997 2      997 997 2      997  22 2        0                                     
222214 23  90  23F/U 23  45  11 997 2        9 997 2      997 997 2      997 998 2        0                                     
222217 23  50  23F/U 23  45   8 997 2        6 997 2      997 997 2      997  23 2        0                                     
222308 68  50  23U/F 68  68   9 997 2        7 997 2      997 997 2      997  31 2        0                                     
222311 68  70  23U/F 68  68  10 997 2        8 997 2      997 997 2      997 998 2        0                                     
222314 90  70  23U/F 90  68  10 997 2        8 997 2      997 997 2      997  36 2        0                                     
222317135  60  23U/F135  68   9 997 2        7 997 2      997 997 2      997 998 2        0                                     
222408270  10  21U/F  C  90   4 997 2        2 997 2      997 997 2      997  40 2        0                                     
222411315  40  22U/F315  68   9 997 2        7 997 2      997 997 2      997  42 2        0                                     
222414315  20  22U/F315  68   7 997 2        5 997 2      997 997 2      997  41 2        0                                     
222417 23  40  22U/F 23  68   7 997 2        5 997 2      997 997 2      997 998 2        0                                     
222508135  90  23U/F135  68  11 997 2        9 997 2      997 997 2      997  41 2        0                                     
222511158  60  23U/F158  68  13 997 2       11 997 2      997 997 2      997  45 2        0                                     
222514158 100  23U/F158  68  13 997 2       11 997 2      997 997 2      997 998 2        0                                     
222517135  60  23U/F135  68  10 997 2        8 997 2      997 997 2      997  40 2        0                                     
222608315  60  22U/F315  90   9 997 2        6 997 2      997 997 2      997  57 2        0                                     
222611338  90  23U/F338  90  11 997 2        8 997 2      997 997 2      997  53 2        0                                     
222614338  60  23F/U338  90  10 997 2        7 997 2      997 997 2      997  29 2        0                                     
222617338 130  24  F338   C  16 997 2       14 997 2      997 997 2      997 998 2        0                                     
222708360  80  23  F360   C  13 997 2       11 997 2      997 997 2      997 998 2        0                                     
222711360 120  24  F360   C  16 997 2       14 997 2      997 997 2      997 998 2        0                                     
222714360 100  24  F360   C  14 997 2       12 997 2      997 997 2      997  33 2        0                                     
222717360 100  24  F360   C  15 997 2       13 997 2      997 997 2      997  34 2        0                                     
222808 45  90  24F/U 45  45  13 997 2       11 997 2      997 997 2      997  36 2        0                                     
222811 45  90  24F/U 45  45  15 997 2       13 997 2      997 997 2      997  36 2        0                                     
222814 68  60  23F/U 68  45  14 997 2       12 997 2      997 997 2      997  31 2        0                                     
222817 23 140  25  F 23   C  18 997 2       16 997 2      997 997 2      997 998 2        0                                     
222908 45 140  25  F 45   C  19 997 2       17 997 2      997 997 2      997 998 2        0                                     
222911 68 130  25  F 68   C  19 997 2       17 997 2      997 997 2      997 998 2        0                                     
222914 68 110  24  F 68   C  17 997 2       15 997 2      997 997 2      997 998 2        0                                     
222917 68 130  24  F 68   C  17 997 2       15 997 2      997 997 2      997  34 2        0                                     
223008315  80  23  F315   C  11 997 2        9 997 2      997 997 2      997 998 2        0                                     
223011360  50  23  F360   C   7 997 2        5 997 2      997 997 2      997  29 2        0                                     
223014338  40  23F/U338  68   7 997 2        5 997 2      997 997 2      997 998 2        0                                     
223017338  40  22U/F338  68   7 997 2        5 997 2      997 997 2      997  41 2        0                                     
223108113  30  22U/F113  68  14 997 2       12 997 2      997 997 2      997 998 2        0                                     
223111113  50  22U/F113  68  13 997 2       11 997 2      997 997 2      997  51 2        0                                     
223114135  60  23U/F135  68  13 997 2       11 997 2      997 997 2      997 998 2        0                                     
213117135  80  23  F135   C  13 997 2       11 997 2      997 997 2      997  31 2        0                                     
