12 0004                31020N122060E200003        0   0  0359  01101 851                                                        
220108 90  40  22U/F 90  68  10 997 2        8 997 2      997 997 2      997 998 2        0                                     
220111 68  30  23U/F 68  68   8 997 2        6 997 2      997 997 2      997  48 2        0                                     
220114113  60  23U/F113  68   9 997 2        7 997 2      997 997 2      997 998 2        0                                     
220117113  40  22U/F113  68  10 997 2        8 997 2      997 997 2      997 998 2        0                                     
220208 68  70  23U/F 68  68  10 997 2        8 997 2      997 997 2      997  49 2        0                                     
220211 68  50  23U/F 68  68   8 997 2        6 997 2      997 997 2      997 998 2        0                                     
220214 45  30  22U/F 45  68   6 997 2        4 997 2      997 997 2      997  39 2        0                                     
220217 68  30  21U/F  C  68   6 997 2        4 997 2      997 997 2      997  45 2        0                                     
220308113  30  21U/F  C   C   0 997 2        0 997 2      997 997 2      997   0 2        0                                     
220311158  30  21U/F  C   C   0 997 2        0 997 2      997 997 2      997   0 2        0                                     
220314180  30  21U/F  C   C   0 997 2        0 997 2      997 997 2      997   0 2        0                                     
220317135  30  21U/F  C  68   5 997 2        4 997 2      997 997 2      997  40 2        0                                     
220408 23  60  23U/F 23  90   7 997 2        5 997 2      997 997 2      997  48 2        0                                     
220411360  50  23U/F360  90  10 997 2        8 997 2      997 997 2      997  50 2        0                                     
220414315  30  22U/F315  90  12 997 2       10 997 2      997 997 2      997 998 2        0                                     
220417315  30  21U/F  C  90   6 997 2        4 997 2      997 997 2      997  49 2        0                                     
220508360  70  23U/F360  90   9 997 2        7 997 2      997 997 2      997 998 2        0                                     
220511360  60  23U/F360  90   9 997 2        7 997 2      997 997 2      997  41 2        0                                     
220514360  40  22U/F360  90   7 997 2        5 997 2      997 997 2      997 998 2        0                                     
220517360  40  21U/F  C   C   0 997 2        0 997 2      997 997 2      997   0 2        0                                     
220608  C   0  21U/F  C   C   0 997 2        0 997 2      997 997 2      997   0 2        0                                     
220611225  20  21U/F  C   C   0 997 2        0 997 2      997 997 2      997   0 2        0                                     
220614180  30  21U/F180 113   4 997 2        3 997 2      997 997 2      997  35 2        0                                     
220617225  20  21U/F  C   C   0 997 2        0 997 2      997 997 2      997   0 2        0                                     
220708 45 110  24  F 45   C  18 997 2       15 997 2      997 997 2      997 998 2        0                                     
220711 23  70  23  F 23   C  16 997 2       14 997 2      997 997 2      997 998 2        0                                     
220714 23  80  23  F 23   C  14 997 2       12 997 2      997 997 2      997 998 2        0                                     
220717 23  80  23  F 23   C  12 997 2       10 997 2      997 997 2      997  30 2        0                                     
220808338  30  21U/F338  68   5 997 2        4 997 2      997 997 2      997  40 2        0                                     
220811360  40  22U/F360  68   6 997 2        5 997 2      997 997 2      997  41 2        0                                     
220814360  30  22U/F360  68   5 997 2        4 997 2      997 997 2      997 998 2        0                                     
220817 45  60  23  F 45   C   7 997 2        5 997 2      997 997 2      997  23 2        0                                     
220908 90  60  23  F 90   C  10 997 2        8 997 2      997 997 2      997  28 2        0                                     
220911113  80  23F/U113  68  11 997 2        9 997 2      997 997 2      997 998 2        0                                     
220914113  80  23  F113   C  11 997 2        9 997 2      997 997 2      997  31 2        0                                     
220917113  60  23  F113   C  10 997 2        8 997 2      997 997 2      997 998 2        0                                     
221008 90  80  23  F 90   C  12 997 2       10 997 2      997 997 2      997  31 2        0                                     
221011113 110  23  F113   C  13 997 2       11 997 2      997 997 2      997 998 2        0                                     
221014113 140  25  F113   C  18 997 2       15 997 2      997 997 2      997 998 2        0                                     
221017113 130  25  F113   C  18 997 2       16 997 2      997 997 2      997 998 2        0                                     
221108 90  50  23  F 90   C   8 997 2        6 997 2      997 997 2      997 998 2        0                                     
221111 68  70  23U/F 68  90  16 997 2       14 997 2      997 997 2      997  53 2        0                                     
221114 68  70  23U/F 68  90  15 997 2       13 997 2      997 997 2      997  50 2        0                                     
221117 45  70  23U/F 45  90  14 997 2       12 997 2      997 997 2      997 998 2        0                                     
221208338  50  22U/F338  90  13 997 2       11 997 2      997 997 2      997  55 2        0                                     
221211 23  60  22U/F 23  90  15 997 2       13 997 2      997 997 2      997 998 2        0                                     
221214360  40  22U/F360  90  12 997 2       10 997 2      997 997 2      997  45 2        0                                     
221217360  40  22U/F360  90  12 997 2       10 997 2      997 997 2      997  46 2        0                                     
221308 68  50  22  F 68   C   7 997 2        5 997 2      997 997 2      997  29 2        0                                     
221311 68  50  22U/F 68  90   9 997 2        7 997 2      997 997 2      997 998 2        0                                     
221314 90  50  22U/F 90  90  12 997 2       10 997 2      997 997 2      997 998 2        0                                     
221317 68  40  22U/F 68  90  10 997 2        8 997 2      997 997 2      997 998 2        0                                     
221408 45  60  22U/F 45  90  10 997 2        8 997 2      997 997 2      997 998 2        0                                     
221411 68  70  23U/F 68  90  11 997 2        9 997 2      997 997 2      997 998 2        0                                     
221414 90  60  22U/F 90  90  12 997 2       10 997 2      997 997 2      997 998 2        0                                     
221417 90  60  22U/F 90  90  11 997 2        9 997 2      997 997 2      997  39 2        0                                     
221508113  80  23F/U113  90  10 997 2        8 997 2      997 997 2      997  27 2        0                                     
221511 90  70  23F/U 90  90  10 997 2        8 997 2      997 997 2      997  33 2        0                                     
221514293  60  22U/F293  90  12 997 2       10 997 2      997 997 2      997  45 2        0                                     
221517293  40  22U/F293  90  11 997 2        9 997 2      997 997 2      997 998 2        0                                     
221608338  90  24  F338   C  12 997 2       10 997 2      997 997 2      997  38 2        0                                     
221611293 100  24  F293   C  12 997 2       10 997 2      997 997 2      997  31 2        0                                     
221614293  80  23  F293   C   9 997 2        7 997 2      997 997 2      997  23 2        0                                     
221617360 110  24U/F360  68  14 997 2       12 997 2      997 997 2      997 998 2        0                                     
221708203  50  22  F203   C   7 997 2        5 997 2      997 997 2      997  24 2        0                                     
221711180  40  22U/F180  68  10 997 2        8 997 2      997 997 2      997  43 2        0                                     
221714203  50  22  F203   C   7 997 2        5 997 2      997 997 2      997  24 2        0                                     
221717180  40  22  F180   C   6 997 2        4 997 2      997 997 2      997  23 2        0                                     
221808 90  80  23  F 90   C  10 997 2        8 997 2      997 997 2      997  27 2        0                                     
221811 90  80  23  F 90   C  10 997 2        8 997 2      997 997 2      997 998 2        0                                     
221814113  50  22  F113   C   7 997 2        5 997 2      997 997 2      997 998 2        0                                     
221817 90  50  22  F 90   C   8 997 2        6 997 2      997 997 2      997 998 2        0                                     
221908338 100  24  F338   C  13 997 2       11 997 2      997 997 2      997 998 2        0                                     
221911360 110  24  F360   C  15 997 2       13 997 2      997 997 2      997  37 2        0                                     
221914338 120  24  F338   C  16 997 2       14 997 2      997 997 2      997 998 2        0                                     
221917338 110  24  F338   C  12 997 2       10 997 2      997 997 2      997  21 2        0                                     
222008 45  50  22U/F 45  45  14 997 2       12 997 2      997 997 2      997 998 2        0                                     
222011 68  60  22U/F 68  45  12 997 2       10 997 2      997 997 2      997  42 2        0                                     
222014135  30  22U/F135  45  10 997 2        8 997 2      997 997 2      997 998 2        0                                     
222017113  70  23  F113   C  10 997 2        8 997 2      997 997 2      997  44 2        0                                     
222108158  60  22  F158   C   9 997 2        7 997 2      997 997 2      997 998 2        0                                     
222111158  30  21U/F  C  68   9 997 2        7 997 2      997 997 2      997  39 2        0                                     
222114338  20  21U/F  C  68   7 997 2        5 997 2      997 997 2      997 998 2        0                                     
222117338  40  22U/F338  68   7 997 2        5 997 2      997 997 2      997  38 2        0                                     
222208 23  70  23U/F 23  68  11 997 2        9 997 2      997 997 2      997  39 2        0                                     
222211 45  50  22U/F 45  68  12 997 2       10 997 2      997 997 2      997 998 2        0                                     
222214 45  60  23U/F 45  68  10 997 2        8 997 2      997 997 2      997 998 2        0                                     
222217 45  40  22U/F 45  68   8 997 2        6 997 2      997 997 2      997  41 2        0                                     
222308360  40  22U/F360  68   8 997 2        6 997 2      997 997 2      997  41 2        0                                     
222311315  60  23F/U315  68   8 997 2        6 997 2      997 997 2      997 998 2        0                                     
222314338  60  23F/U338  68   9 997 2        7 997 2      997 997 2      997 998 2        0                                     
222317338 110  24  F338   C  13 997 2       11 997 2      997 997 2      997  28 2        0                                     
222408293  60  23  F293   C   7 997 2        5 997 2      997 997 2      997 998 2        0                                     
222411338  80  23F/U338  90  10 997 2        8 997 2      997 997 2      997  28 2        0                                     
222414360  60  23F/U360  90   9 997 2        7 997 2      997 997 2      997  29 2        0                                     
222417360  70  23  F360   C   9 997 2        7 997 2      997 997 2      997  28 2        0                                     
222508158  50  22F/U158  90   7 997 2        5 997 2      997 997 2      997  29 2        0                                     
222511135  60  23F/U135  90   8 997 2        6 997 2      997 997 2      997  30 2        0                                     
222514158  60  23U/F158 113   8 997 2        6 997 2      997 997 2      997  31 2        0                                     
222517158  80  23F/U158 113  10 997 2        8 997 2      997 997 2      997  28 2        0                                     
222608203  60  23  F203   C   7 997 2        5 997 2      997 997 2      997  28 2        0                                     
222611225  50  22  F225   C   6 997 2        4 997 2      997 997 2      997 998 2        0                                     
222614225  60  23  F225   C   7 997 2        5 997 2      997 997 2      997  28 2        0                                     
222617203  60  23  F203   C   7 997 2        5 997 2      997 997 2      997  27 2        0                                     
222708180  70  23  F180   C   8 997 2        6 997 2      997 997 2      997  29 2        0                                     
222711180  80  23  F180   C   9 997 2        7 997 2      997 997 2      997  29 2        0                                     
222714203  80  23  F203   C   9 997 2        7 997 2      997 997 2      997  28 2        0                                     
222717180 150  24  F180   C  18 997 2       16 997 2      997 997 2      997  30 2        0                                     
222808293 110  24  F293   C  14 997 2       12 997 2      997 997 2      997 998 2        0                                     
222811293 140  24  F293   C  17 997 2       15 997 2      997 997 2      997  27 2        0                                     
222814315 150  24  F315   C  18 997 2       16 997 2      997 997 2      997  26 2        0                                     
222817315 140  24  F315   C  17 997 2       15 997 2      997 997 2      997  28 2        0                                     
222908338  70  23  F338   C   8 997 2        6 997 2      997 997 2      997 998 2        0                                     
222911293  60  23F/U293  68   8 997 2        6 997 2      997 997 2      997  31 2        0                                     
222914360  40  22U/F360  68   7 997 2        5 997 2      997 997 2      997  41 2        0                                     
222917 45  20  22U/F  C  68   6 997 2        4 997 2      997 997 2      997  42 2        0                                     
223008158 100  23  F158   C  13 997 2       11 997 2      997 997 2      997  28 2        0                                     
223011158  90  23  F158   C  12 997 2       10 997 2      997 997 2      997  28 2        0                                     
223014158 110  24  F158   C  14 997 2       12 997 2      997 997 2      997  29 2        0                                     
223017180 120  24  F180   C  15 997 2       13 997 2      997 997 2      997  30 2        0                                     
223108225  50  22U/F225 135   7 997 2        5 997 2      997 997 2      997  35 2        0                                     
223111225  40  22U/F225 113   6 997 2        4 997 2      997 997 2      997 998 2        0                                     
223114248  30  22U/F  C 113   5 997 2        3 997 2      997 997 2      997  44 2        0                                     
213117 23  70  23  F 23   C   8 997 2        6 997 2      997 997 2      997  29 2        0                                     
