12 0004                31060N122080E199909        0   0  0359  01101 851                                                        
220108 68  20  21U/F  C   C   0 997 2        0 997 2      997 997 2      997   0 2        0                                     
220111 90  30  21U/F  C   C   0 997 2        0 997 2      997 997 2      997   0 2        0                                     
220114 90  40  22U/F 90  90   5 997 2        3 997 2      997 997 2      997  46 2        0                                     
220117 68  50  22U/F 68  90   7 997 2        5 997 2      997 997 2      997  49 2        0                                     
220208 90  70  23  F 90   C   9 997 2        7 997 2      997 997 2      997  27 2        0                                     
220211 90  80  23  F 90   C   9 997 2        7 997 2      997 997 2      997  27 2        0                                     
220214 68  80  23  F 68   C  10 997 2        8 997 2      997 997 2      997 998 2        0                                     
220217 68  70  23  F 68   C  12 997 2       10 997 2      997 997 2      997 998 2        0                                     
220308 68  90  23F/U 68  90  12 997 2       10 997 2      997 997 2      997  32 2        0                                     
220311 90 100  23F/U 90  90   8 997 2        6 997 2      997 997 2      997 998 2        0                                     
220314 90 100  23F/U 90  90   7 997 2        5 997 2      997 997 2      997  31 2        0                                     
220317113 110  23F/U113  90   9 997 2        7 997 2      997 997 2      997  31 2        0                                     
220408113  60  22  F113   C   6 997 2        4 997 2      997 997 2      997  24 2        0                                     
220411 90  60  22U/F 90  90  12 997 2       10 997 2      997 997 2      997  47 2        0                                     
220414113  40  22U/F113  90  13 997 2       11 997 2      997 997 2      997 998 2        0                                     
220417113  90  23U/F113  90  13 997 2       11 997 2      997 997 2      997  45 2        0                                     
220508180  70  22U/F180 135  10 997 2        8 997 2      997 997 2      997  44 2        0                                     
220511180  60  22U/F180 135  10 997 2        8 997 2      997 997 2      997 998 2        0                                     
220514180  40  22U/F180 135   8 997 2        6 997 2      997 997 2      997  42 2        0                                     
220517180  60  22U/F180 135  11 997 2        9 997 2      997 997 2      997 998 2        0                                     
220608135  90  23U/F135 135  12 997 2       10 997 2      997 997 2      997  43 2        0                                     
220611248 100  24  F248   C  13 997 2       11 997 2      997 997 2      997 998 2        0                                     
220614270  70  23  F270   C   9 997 2        7 997 2      997 997 2      997  27 2        0                                     
220617203  30  22U/F203 135   7 997 2        5 997 2      997 997 2      997 998 2        0                                     
220708203  40  22U/F203 135   5 997 2        3 997 2      997 997 2      997 998 2        0                                     
220711203  40  22U/F203 135   5 997 2        3 997 2      997 997 2      997 998 2        0                                     
220714158  30  22U/F158 135   5 997 2        3 997 2      997 997 2      997  41 2        0                                     
220717113  50  22U/F113 135   4 997 2        3 997 2      997 997 2      997  48 2        0                                     
220808113  50  22U/F113 135   5 997 2        3 997 2      997 997 2      997 998 2        0                                     
220811135  30  22U/F135 135   5 997 2        3 997 2      997 997 2      997  41 2        0                                     
220814158  30  22U/F158 135   6 997 2        4 997 2      997 997 2      997 998 2        0                                     
220817135  20  22U/F135 135   6 997 2        4 997 2      997 997 2      997  43 2        0                                     
220908158  70  23  F158   C  11 997 2        9 997 2      997 997 2      997 998 2        0                                     
220911158  80  23  F158   C   8 997 2        6 997 2      997 997 2      997  27 2        0                                     
220914180  40  22  F180   C   6 997 2        4 997 2      997 997 2      997  27 2        0                                     
220917158  40  22  F158   C   5 997 2        3 997 2      997 997 2      997  24 2        0                                     
221008248  50  22U/F248 158   6 997 2        4 997 2      997 997 2      997  42 2        0                                     
221011203  50  22U/F203 158   6 997 2        4 997 2      997 997 2      997  41 2        0                                     
221014203  70  23F/U203 158   8 997 2        6 997 2      997 997 2      997  29 2        0                                     
221017225  60  23F/U225 158   9 997 2        7 997 2      997 997 2      997 998 2        0                                     
221108203  60  23U/F203 113   9 997 2        7 997 2      997 997 2      997  41 2        0                                     
221111203  50  23U/F203 113   7 997 2        5 997 2      997 997 2      997  39 2        0                                     
221114203  40  22U/F203 113   6 997 2        4 997 2      997 997 2      997  40 2        0                                     
221117180  30  22U/F180 113   5 997 2        3 997 2      997 997 2      997 998 2        0                                     
221208360  40  22U/F360  68   6 997 2        5 997 2      997 997 2      997 998 2        0                                     
221211338  40  22U/F338  68   6 997 2        5 997 2      997 997 2      997  41 2        0                                     
221214 45  40  23U/F 45  68   7 997 2        5 997 2      997 997 2      997 998 2        0                                     
221217 23  40  23F/U 23  68   7 997 2        5 997 2      997 997 2      997 998 2        0                                     
221308360  50  23F/U360  68   7 997 2        5 997 2      997 997 2      997  27 2        0                                     
221311 45  60  23U/F 45  68   8 997 2        6 997 2      997 997 2      997 998 2        0                                     
221314 45  70  23U/F 45  68  10 997 2        8 997 2      997 997 2      997 998 2        0                                     
221317 45  60  23U/F 45  68  10 997 2        8 997 2      997 997 2      997 998 2        0                                     
221408 45  20  21U/F  C  68   5 997 2        4 997 2      997 997 2      997  43 2        0                                     
221411203  40  22U/F203  68   6 997 2        4 997 2      997 997 2      997 998 2        0                                     
221414  C   0  21U/F  C  68   4 997 2        3 997 2      997 997 2      997  37 2        0                                     
221417360  70  23F/U360  68   9 997 2        7 997 2      997 997 2      997  28 2        0                                     
221508 45 120  24F/U 45  45  16 997 2       14 997 2      997 997 2      997  37 2        0                                     
221511 45 130  25  F 45   C  17 997 2       15 997 2      997 997 2      997 998 2        0                                     
221514 45 130  25  F 45   C  17 997 2       15 997 2      997 997 2      997  34 2        0                                     
221517 45 120  24  F 45   C  16 997 2       14 997 2      997 997 2      997 998 2        0                                     
221608 45 130  24  F 45   C  15 997 2       13 997 2      997 997 2      997  34 2        0                                     
221611 45 120  24  F 45   C  16 997 2       14 997 2      997 997 2      997  34 2        0                                     
221614 45 110  24  F 45   C  15 997 2       13 997 2      997 997 2      997 998 2        0                                     
221617 45 100  24  F 45   C  14 997 2       12 997 2      997 997 2      997  31 2        0                                     
221708 23 130  24  F 23   C  14 997 2       12 997 2      997 997 2      997  33 2        0                                     
221711 23 110  24  F 23   0  14 997 2       12 997 2      997 997 2      997 998 2        0                                     
221714360 140  25  F360   C  19 997 2       16 997 2      997 997 2      997 998 2        0                                     
221717360 120  24  F360   C  17 997 2       14 997 2      997 997 2      997  33 2        0                                     
221808360 120  24  F360   C  14 997 2       12 997 2      997 997 2      997  29 2        0                                     
221811 23 140  25  F 23   C  19 997 2       16 997 2      997 997 2      997 998 2        0                                     
221814 23 140  25  F 23   C  19 997 2       16 997 2      997 997 2      997 998 2        0                                     
221817 23 120  25  F 23   C  18 997 2       15 997 2      997 997 2      997 998 2        0                                     
221908248 100  23  F248   C  13 997 2       11 997 2      997 997 2      997  28 2        0                                     
221911248 110  24  F248   C  16 997 2       14 997 2      997 997 2      997  32 2        0                                     
221914248  90  24F/U248  68  15 997 2       13 997 2      997 997 2      997 998 2        0                                     
221917270  90  23F/U270  68  15 997 2       13 997 2      997 997 2      997 998 2        0                                     
222008338 130  25  F338   C  19 997 2       16 997 2      997 997 2      997  34 2        0                                     
222011338 130  25  F338   C  19 997 2       16 997 2      997 997 2      997  34 2        0                                     
222014338 150  25  F338   C  20 997 2       17 997 2      997 997 2      997 998 2        0                                     
222017338 150  26  F338   C  21 997 2       18 997 2      997 997 2      997  35 2        0                                     
222108315 140  25  F315   C  19 997 2       16 997 2      997 997 2      997  35 2        0                                     
222111315 140  25  F315   C  19 997 2       16 997 2      997 997 2      997 998 2        0                                     
222114315 150  25  F315   C  19 997 2       16 997 2      997 997 2      997  37 2        0                                     
222117315 140  25  F315   C  19 997 2       17 997 2      997 997 2      997  36 2        0                                     
222208315 140  25  F315   C  19 997 2       16 997 2      997 997 2      997  35 2        0                                     
222211338 160  25  F338   C  20 997 2       17 997 2      997 997 2      997  37 2        0                                     
222214338 150  24  F338   C  18 997 2       15 997 2      997 997 2      997 998 2        0                                     
222217338 150  24  F338   C  18 997 2       15 997 2      997 997 2      997  36 2        0                                     
222308338 120  24  F338   C  17 997 2       15 997 2      997 997 2      997  34 2        0                                     
222311338 150  24  F338   C  19 997 2       16 997 2      997 997 2      997  37 2        0                                     
222314338 140  24  F338   C  17 997 2       15 997 2      997 997 2      997  34 2        0                                     
222317338 150  24  F338   C  18 997 2       15 997 2      997 997 2      997  34 2        0                                     
222408315  90  24  F315   C  13 997 2       11 997 2      997 997 2      997  28 2        0                                     
222411315  90  24  F315   C  13 997 2       11 997 2      997 997 2      997 998 2        0                                     
222414293  80  23  F293   C  12 997 2       10 997 2      997 997 2      997  28 2        0                                     
222417315  80  22U/F315  45   8 997 2        6 997 2      997 997 2      997  41 2        0                                     
222508  C   0  21U/F  C  45  10 997 2        8 997 2      997 997 2      997 998 2        0                                     
222511 68  10  21U/F  C  45   7 997 2        5 997 2      997 997 2      997  46 2        0                                     
222514  C   0  21U/F  C   C   0 997 2        0 997 2      997 997 2      997   0 2        0                                     
222517 68  20  22F/U 68  45   4 997 2        3 997 2      997 997 2      997  27 2        0                                     
222608113  60  22F/U113 113   8 997 2        6 997 2      997 997 2      997 998 2        0                                     
222611 90  50  22F/U 90 113   6 997 2        4 997 2      997 997 2      997  27 2        0                                     
222614 90  50  22F/U 90 113   6 997 2        4 997 2      997 997 2      997 998 2        0                                     
222617 90  50  23F/U 90 113   5 997 2        4 997 2      997 997 2      997  26 2        0                                     
222708135  50  22U/F135 113   6 997 2        4 997 2      997 997 2      997 998 2        0                                     
222711113  50  22U/F113 113   5 997 2        3 997 2      997 997 2      997  47 2        0                                     
222714113  50  22U/F113 113   6 997 2        4 997 2      997 997 2      997  43 2        0                                     
222717113  40  22U/F113 113   6 997 2        4 997 2      997 997 2      997 998 2        0                                     
222808 90  40  22U/F 90 113   5 997 2        3 997 2      997 997 2      997 998 2        0                                     
222811135  50  22U/F135 113   5 997 2        3 997 2      997 997 2      997  42 2        0                                     
222814135  60  22U/F135 113   6 997 2        4 997 2      997 997 2      997  43 2        0                                     
222817135  40  22U/F135 113   5 997 2        4 997 2      997 997 2      997  44 2        0                                     
222908158  40  22  F158   C   5 997 2        3 997 2      997 997 2      997  22 2        0                                     
222911158  40  22U/F158 113   5 997 2        4 997 2      997 997 2      997 998 2        0                                     
222914158  30  22U/F158 113   5 997 2        4 997 2      997 997 2      997 998 2        0                                     
222917135  40  22  F135   C   5 997 2        3 997 2      997 997 2      997  22 2        0                                     
223008 68  60  22  F 68   C   6 997 2        4 997 2      997 997 2      997  24 2        0                                     
223011 68  60  22U/F 68  90   6 997 2        4 997 2      997 997 2      997 998 2        0                                     
223014 68  60  22U/F 68  90   5 997 2        4 997 2      997 997 2      997  42 2        0                                     
213017 90  50  22U/F 90  90   6 997 2        4 997 2      997 997 2      997 998 2        0                                     
