12 0004                31020N122060E200004        0   0  0359  012642                                                           
220108 68 110  24  F 68   C  14 997 2       12 997 2      997 997 2      997  29 2        0                                     
220111 68 100  23  F 68   C  13 997 2       11 997 2      997 997 2      997 998 2        0                                     
220114 68  70  23F/U 68  68  10 997 2        8 997 2      997 997 2      997  28 2        0                                     
220117 90  90  23U/F 90  68  13 997 2       11 997 2      997 997 2      997  30 2        0                                     
220208 68  70  23U/F 68  68  10 997 2        8 997 2      997 997 2      997 998 2        0                                     
220211 68  70  23F/U 68  68   9 997 2        7 997 2      997 997 2      997  30 2        0                                     
220214 45  30  22U/F 45  68   8 997 2        6 997 2      997 997 2      997  42 2        0                                     
220217360  80  23  F360   C  10 997 2        8 997 2      997 997 2      997  21 2        0                                     
220308 68 100  23F/U 68  68  14 997 2       12 997 2      997 997 2      997  27 2        0                                     
220311 68 100  23F/U 68  68  13 997 2       11 997 2      997 997 2      997 998 2        0                                     
220314 68  50  23F/U 68  68   8 997 2        6 997 2      997 997 2      997  28 2        0                                     
220317 68  50  22F/U 68  68   7 997 2        5 997 2      997 997 2      997  23 2        0                                     
220408 45  50  23U/F 45  68  11 997 2        9 997 2      997 997 2      997 998 2        0                                     
220411 45  70  23F/U 45  68   9 997 2        7 997 2      997 997 2      997  25 2        0                                     
220414 23  80  23U/F 45  68  11 997 2        9 997 2      997 997 2      997 998 2        0                                     
220417 23  70  23F/U 45  68   8 997 2        6 997 2      997 997 2      997  28 2        0                                     
220508338  60  23U/F338  45  12 997 2       10 997 2      997 997 2      997 998 2        0                                     
220511338  90  23U/F338  45  14 997 2       12 997 2      997 997 2      997  37 2        0                                     
220514360 120  24  F360   C  15 997 2       13 997 2      997 997 2      997  25 2        0                                     
220517360 120  24  F360   C  15 997 2       12 997 2      997 997 2      997  27 2        0                                     
220608 68  50  23U/F 68  45  10 997 2        8 997 2      997 997 2      997 998 2        0                                     
220611113  30  21U/F  C  45   7 997 2        5 997 2      997 997 2      997  34 2        0                                     
220614113  40  21U/F  C  45   9 997 2        7 997 2      997 997 2      997  41 2        0                                     
220617135  60  23U/F135  45   8 997 2        6 997 2      997 997 2      997 998 2        0                                     
220708180  20  21U/F  C 113   7 997 2        5 997 2      997 997 2      997  50 2        0                                     
220711  C   0  21U/F  C   C   0 997 2        0 997 2      997 997 2      997   0 2        0                                     
220714113  30  22U/F113 113   7 997 2        5 997 2      997 997 2      997 998 2        0                                     
220717113  20  22U/F113 113   6 997 2        4 997 2      997 997 2      997 998 2        0                                     
220808 90  90  23F/U 90 113  13 997 2       11 997 2      997 997 2      997  28 2        0                                     
220811 90  90  23F/U 90 113  12 997 2       10 997 2      997 997 2      997 998 2        0                                     
220814 90  80  23F/U 90 113  11 997 2        9 997 2      997 997 2      997  27 2        0                                     
220817 90  80  23F/U 90 113  11 997 2        9 997 2      997 997 2      997 998 2        0                                     
220908158  50  23U/F158 135   8 997 2        6 997 2      997 997 2      997  35 2        0                                     
220911158  50  23U/F158 135   9 997 2        7 997 2      997 997 2      997 998 2        0                                     
220914158  30  22U/F158 135   8 997 2        6 997 2      997 997 2      997 998 2        0                                     
220917158  30  22U/F158 135   5 997 2        3 997 2      997 997 2      997  50 2        0                                     
221008338 160  25  F338   C  20 997 2       17 997 2      997 997 2      997  29 2        0                                     
221011338 100  24  F338   C  15 997 2       12 997 2      997 997 2      997  29 2        0                                     
221014338 100  24  F338   C  16 997 2       13 997 2      997 997 2      997  27 2        0                                     
221017338 110  23  F338   C  13 997 2       11 997 2      997 997 2      997  26 2        0                                     
221108225  40  22U/F225  68   8 997 2        6 997 2      997 997 2      997  49 2        0                                     
221111203  40  22U/F203  68   7 997 2        5 997 2      997 997 2      997  45 2        0                                     
221114180  50  22U/F180  68   8 997 2        6 997 2      997 997 2      997 998 2        0                                     
221117158 100  23F/U158  68  11 997 2        9 997 2      997 997 2      997 998 2        0                                     
221208225  60  23F/U225 113   9 997 2        7 997 2      997 997 2      997 998 2        0                                     
221211203  60  23F/U203 113   8 997 2        6 997 2      997 997 2      997 998 2        0                                     
221214158  60  23F/U158 113   9 997 2        7 997 2      997 997 2      997 998 2        0                                     
221217180  60  23F/U180 113   8 997 2        6 997 2      997 997 2      997  25 2        0                                     
221308180  60  22U/F180  90   6 997 2        4 997 2      997 997 2      997 998 2        0                                     
221311180  50  22F/U180  90   6 997 2        4 997 2      997 997 2      997 998 2        0                                     
221314158  40  22U/F158  90   6 997 2        4 997 2      997 997 2      997 998 2        0                                     
221317158  80  23  F158   C   9 997 2        7 997 2      997 997 2      997  27 2        0                                     
221408113  80  23  F113   C  10 997 2        8 997 2      997 997 2      997  28 2        0                                     
221411 68  90  23F/U 68  68  11 997 2        9 997 2      997 997 2      997 998 2        0                                     
221414 90 130  24  F 90   C  15 997 2       13 997 2      997 997 2      997  29 2        0                                     
221417 68 140  24  F 68   C  17 997 2       15 997 2      997 997 2      997  28 2        0                                     
221508338  90  23  F338   C  11 997 2        9 997 2      997 997 2      997  27 2        0                                     
221511338  80  23  F338   C  10 997 2        8 997 2      997 997 2      997  29 2        0                                     
221514338  70  23  F338   C   8 997 2        6 997 2      997 997 2      997  27 2        0                                     
221517360  70  23  F360   C   9 997 2        7 997 2      997 997 2      997 998 2        0                                     
221608270  50  23F/U270  68   7 997 2        5 997 2      997 997 2      997  29 2        0                                     
221611293  40  22U/F293  68   7 997 2        5 997 2      997 997 2      997  39 2        0                                     
221614225  50  22  F225   C   6 997 2        4 997 2      997 997 2      997  27 2        0                                     
221617180  20  22U/F180  68   6 997 2        4 997 2      997 997 2      997  43 2        0                                     
221708180  80  23  F180   C   9 997 2        7 997 2      997 997 2      997 998 2        0                                     
221711180  60  23  F180   C   7 997 2        5 997 2      997 997 2      997  25 2        0                                     
221714158  40  22U/F158 113   7 997 2        5 997 2      997 997 2      997  31 2        0                                     
221717158  60  23  F158   C   8 997 2        6 997 2      997 997 2      997  29 2        0                                     
221808158 120  25F/U158 113  17 997 2       15 997 2      997 997 2      997 998 2        0                                     
221811158 100  24F/U158 113  15 997 2       13 997 2      997 997 2      997 998 2        0                                     
221814158 110  24F/U158 113  16 997 2       14 997 2      997 997 2      997  27 2        0                                     
221817158 100  23F/U158 113  14 997 2       12 997 2      997 997 2      997  30 2        0                                     
221908270  30  22U/F270  90   6 997 2        4 997 2      997 997 2      997 998 2        0                                     
221911338  80  23  F338   C   9 997 2        7 997 2      997 997 2      997  28 2        0                                     
221914360  80  23  F360   C  10 997 2        8 997 2      997 997 2      997  29 2        0                                     
221917 23  50  23U/F 23  68   7 997 2        5 997 2      997 997 2      997  31 2        0                                     
222008158  60  23F/U158 113   8 997 2        6 997 2      997 997 2      997  30 2        0                                     
222011135  80  23F/U135 113   9 997 2        7 997 2      997 997 2      997  29 2        0                                     
222014135  90  23  F135   C  10 997 2        8 997 2      997 997 2      997  29 2        0                                     
222017135  60  23U/F135 113   9 997 2        7 997 2      997 997 2      997  31 2        0                                     
222108315  60  23  F315   C   7 997 2        5 997 2      997 997 2      997  28 2        0                                     
222111315  80  23  F315   C   9 997 2        7 997 2      997 997 2      997  28 2        0                                     
222114203  50  22  F203   C   6 997 2        4 997 2      997 997 2      997  24 2        0                                     
222117225 100  23  F225   C  10 997 2        8 997 2      997 997 2      997  28 2        0                                     
222208203  50  22  F203   C   6 997 2        4 997 2      997 997 2      997  28 2        0                                     
222211248  70  23  F248   C   8 997 2        6 997 2      997 997 2      997 998 2        0                                     
222214315 110  23  F315   C   9 997 2        7 997 2      997 997 2      997  28 2        0                                     
222217 23  80  23F/U 23  68  10 997 2        8 997 2      997 997 2      997 998 2        0                                     
222308248  30  21U/F  C  90   6 997 2        4 997 2      997 997 2      997  48 2        0                                     
222311225  30  21U/F  C  90   5 997 2        3 997 2      997 997 2      997  47 2        0                                     
222314158  40  22  F158   C   5 997 2        3 997 2      997 997 2      997  27 2        0                                     
222317158  30  21U/F  C  90   5 997 2        3 997 2      997 997 2      997 998 2        0                                     
222408158  40  22U/F158 113   6 997 2        4 997 2      997 997 2      997  31 2        0                                     
222411158  50  23U/F158 113   7 997 2        5 997 2      997 997 2      997  31 2        0                                     
222414135  80  23F/U135 113  11 997 2        9 997 2      997 997 2      997 998 2        0                                     
222417158 110  24  F158   C  15 997 2       13 997 2      997 997 2      997 998 2        0                                     
222508158  80  23F/U158 113  12 997 2       10 997 2      997 997 2      997  34 2        0                                     
222511158  80  23U/F158 113  14 997 2       12 997 2      997 997 2      997 998 2        0                                     
222514158  60  23U/F158 113  12 997 2       10 997 2      997 997 2      997  44 2        0                                     
222517158  40  22U/F158 113  13 997 2       11 997 2      997 997 2      997  45 2        0                                     
222608338 130  25  F338   C  17 997 2       14 997 2      997 997 2      997 998 2        0                                     
222611338  80  23  F338   C  13 997 2       11 997 2      997 997 2      997  31 2        0                                     
222614360  80  23  F360   C  13 997 2       11 997 2      997 997 2      997  32 2        0                                     
222617 23 100  24  F 23   C  15 997 2       13 997 2      997 997 2      997  34 2        0                                     
222708270  80  23  F270   C  13 997 2       11 997 2      997 997 2      997 998 2        0                                     
222711360  80  23  F360   C  11 997 2        9 997 2      997 997 2      997 998 2        0                                     
222714 23  50  23  F 23   C   8 997 2        6 997 2      997 997 2      997  23 2        0                                     
222717 45  70  23F/U 45  68   7 997 2        5 997 2      997 997 2      997  22 2        0                                     
222808135  40  22U/F135  68   6 997 2        4 997 2      997 997 2      997  41 2        0                                     
222811135  50  23F/U135  68   8 997 2        6 997 2      997 997 2      997  26 2        0                                     
222814135  70  23  F135   C  10 997 2        8 997 2      997 997 2      997  28 2        0                                     
222817135 100  24  F135   C  15 997 2       13 997 2      997 997 2      997 998 2        0                                     
222908135 110  24  F135   C  16 997 2       14 997 2      997 997 2      997  36 2        0                                     
222911135 110  24  F135   C  15 997 2       13 997 2      997 997 2      997 998 2        0                                     
222914135 120  24  F135   C  17 997 2       15 997 2      997 997 2      997  37 2        0                                     
222917158 120  24  F158   C  16 997 2       14 997 2      997 997 2      997  34 2        0                                     
223008315  50  22U/F315 113   7 997 2        5 997 2      997 997 2      997 998 2        0                                     
223011315  50  22U/F315 113   7 997 2        5 997 2      997 997 2      997 998 2        0                                     
223014338 110  24  F338   C  15 997 2       13 997 2      997 997 2      997  31 2        0                                     
213017360 120  23  F360   C  13 997 2       11 997 2      997 997 2      997 998 2        0                                     
