12 0004                31020N122060E200001        0   0  0359  01101 851                                                        
220108 90  50  03U/F 90  90   8 997 2        6 997 2      997 997 2      997  43 2        0                                     
220111 68  30  02U/F  C  68   8 997 2        6 997 2      997 997 2      997  61 2        0                                     
220114 45  30  02U/F  C  68   7 997 2        5 997 2      997 997 2      997  44 2        0                                     
220117 45  40  02U/F  C  68   8 997 2        6 997 2      997 997 2      997 998 2        0                                     
220208315 120  04  F315   C  15 997 2       13 997 2      997 997 2      997  29 2        0                                     
220211338 110  04  F338   C  14 997 2       12 997 2      997 997 2      997  28 2        0                                     
220214315 100  04  F315   C  14 997 2       12 997 2      997 997 2      997 998 2        0                                     
220217293  70  03  F293   C  10 997 2        8 997 2      997 997 2      997  28 2        0                                     
220308360  40  02U/F  C  68   7 997 2        5 997 2      997 997 2      997  41 2        0                                     
220311 90  30  02U/F  C  68   7 997 2        5 997 2      997 997 2      997  40 2        0                                     
220314113  60  03U/F113  68   8 997 2        6 997 2      997 997 2      997  29 2        0                                     
220317 90  60  03F/U 90  68   8 997 2        6 997 2      997 997 2      997  30 2        0                                     
220408113  50  03F/U113  90   8 997 2        6 997 2      997 997 2      997 998 2        0                                     
220411113  70  03F/U113  90   9 997 2        7 997 2      997 997 2      997 998 2        0                                     
220414113  50  03F/U113  90   7 997 2        5 997 2      997 997 2      997  27 2        0                                     
220417135  90  03  F135   C  10 997 2        8 997 2      997 997 2      997  29 2        0                                     
220508158  50  02U/F158 113   7 997 2        5 997 2      997 997 2      997  34 2        0                                     
220511180  40  02U/F180 113   7 997 2        5 997 2      997 997 2      997  40 2        0                                     
220514248  30  02U/F  C 113   6 997 2        4 997 2      997 997 2      997 998 2        0                                     
220517315  60  02  F315   C   6 997 2        4 997 2      997 997 2      997  27 2        0                                     
220608315 100  04  F315   C  14 997 2       12 997 2      997 997 2      997 998 2        0                                     
220611338 110  04  F338   C  15 997 2       13 997 2      997 997 2      997  29 2        0                                     
220614338 120  04  F338   C  15 997 2       13 997 2      997 997 2      997  28 2        0                                     
220617338 120  04  F338   C  15 997 2       13 997 2      997 997 2      997  25 2        0                                     
220708360 110  04  F360   C  15 997 2       13 997 2      997 997 2      997  28 2        0                                     
220711360 100  04F/U360  45  14 997 2       12 997 2      997 997 2      997  30 2        0                                     
220714 23  70  03U/F 23  45  15 997 2       13 997 2      997 997 2      997  34 2        0                                     
220717 45  50  03U/F 45  45  10 997 2        8 997 2      997 997 2      997  34 2        0                                     
220808113  80  03F/U113  68  12 997 2       10 997 2      997 997 2      997  30 2        0                                     
220811113  80  03  F113   C  10 997 2        8 997 2      997 997 2      997  28 2        0                                     
220814113  80  03F/U113  68  11 997 2        9 997 2      997 997 2      997  29 2        0                                     
220817 90  80  03U/F 90  90  11 997 2        9 997 2      997 997 2      997  32 2        0                                     
220908270  50  02U/F270  68   9 997 2        7 997 2      997 997 2      997  42 2        0                                     
220911293  80  03F/U293  68  12 997 2       10 997 2      997 997 2      997  30 2        0                                     
220914293  80  03F/U293  68  13 997 2       11 997 2      997 997 2      997 998 2        0                                     
220917315 140  04F/U315  68  20 997 2       17 997 2      997 997 2      997 998 2        0                                     
221008 45 110  03  F 45   C  14 997 2       12 997 2      997 997 2      997 998 2        0                                     
221011 45 120  03  F 45   C  17 997 2       15 997 2      997 997 2      997 998 2        0                                     
221014 68 110  03F/U 68  68  15 997 2       13 997 2      997 997 2      997 998 2        0                                     
221017 68  70  02U/F 68  68  10 997 2        8 997 2      997 997 2      997  35 2        0                                     
221108 68  80  03F/U 68 113  10 997 2        8 997 2      997 997 2      997 998 2        0                                     
221111 68  80  03U/F 68 113  15 997 2       13 997 2      997 997 2      997 998 2        0                                     
221114113  70  02U/F113 113   9 997 2        7 997 2      997 997 2      997  47 2        0                                     
221117 90  60  02U/F 90 113  12 997 2       10 997 2      997 997 2      997 998 2        0                                     
221208293 110  03  F293   C  10 997 2        8 997 2      997 997 2      997  24 2        0                                     
221211293 130  03  F293   C  14 997 2       12 997 2      997 997 2      997  29 2        0                                     
221214293 130  03  F293   C  15 997 2       13 997 2      997 997 2      997 998 2        0                                     
221217293 160  04  F293   C  21 997 2       18 997 2      997 997 2      997  30 2        0                                     
221308315 120  03  F315   C  11 997 2        9 997 2      997 997 2      997  23 2        0                                     
221311315 110  03  F315   C  13 997 2       11 997 2      997 997 2      997  29 2        0                                     
221314315 120  03  F315   C  13 997 2       11 997 2      997 997 2      997 998 2        0                                     
221317338 120  03  F338   C  12 997 2       11 997 2      997 997 2      997  29 2        0                                     
221408338 130  03  F338   C  14 997 2       12 997 2      997 997 2      997 998 2        0                                     
221411338  80  03F/U338  45   9 997 2        7 997 2      997 997 2      997 998 2        0                                     
221414338  80  03U/F338  45  10 997 2        8 997 2      997 997 2      997 998 2        0                                     
221417338  90  03U/F338  45  10 997 2        8 997 2      997 997 2      997 998 2        0                                     
221508 45  80  03U/F 45  45  11 997 2        9 997 2      997 997 2      997  40 2        0                                     
221511 68 100  03F/U 68  45  10 997 2        8 997 2      997 997 2      997 998 2        0                                     
221514 68 100  03F/U 68  45  12 997 2       10 997 2      997 997 2      997 998 2        0                                     
221517 68  90  03F/U 68  45  10 997 2        8 997 2      997 997 2      997 998 2        0                                     
221608360 130  03  F360   C  14 997 2       12 997 2      997 997 2      997  29 2        0                                     
221611360 120  03  F360   C  13 997 2       11 997 2      997 997 2      997  22 2        0                                     
221614338 130  03  F338   C  15 997 2       13 997 2      997 997 2      997  29 2        0                                     
221617338 140  04  F338   C  17 997 2       15 997 2      997 997 2      997  32 2        0                                     
221708338 130  03  F338   C  16 997 2       14 997 2      997 997 2      997  30 2        0                                     
221711338 130  03  F338   C  16 997 2       14 997 2      997 997 2      997  30 2        0                                     
221714338 120  03  F338   C  13 997 2       11 997 2      997 997 2      997  24 2        0                                     
221717338 120  03U/F338  68  19 997 2       17 997 2      997 997 2      997 998 2        0                                     
221808338 110  03F/U338  68  14 997 2       12 997 2      997 997 2      997 998 2        0                                     
221811338 100  03F/U338  68  13 997 2       11 997 2      997 997 2      997 998 2        0                                     
221814338  90  03F/U338  68  10 997 2        8 997 2      997 997 2      997 998 2        0                                     
221817338  60  02U/F338  68  14 997 2       12 997 2      997 997 2      997 998 2        0                                     
221908293 100  03  F293   C  12 997 2       10 997 2      997 997 2      997  31 2        0                                     
221911315 120  03  F315   C  15 997 2       13 997 2      997 997 2      997 998 2        0                                     
221914315 130  03  F315   C  14 997 2       12 997 2      997 997 2      997  25 2        0                                     
221917315 140  03  F315   C  15 997 2       13 997 2      997 997 2      997  26 2        0                                     
222008338  80  03F/U338  68  10 997 2        8 997 2      997 997 2      997 998 2        0                                     
222011338  90  03F/U338  68  11 997 2        9 997 2      997 997 2      997 998 2        0                                     
222014360  80  03F/U360  68   9 997 2        7 997 2      997 997 2      997 998 2        0                                     
222017360  70  02  F360   C   8 997 2        6 997 2      997 997 2      997  21 2        0                                     
222108 68  90  03U/F 68  68  13 997 2       11 997 2      997 997 2      997 998 2        0                                     
222111 45  60  03U/F 45  68  12 997 2       10 997 2      997 997 2      997  44 2        0                                     
222114 45  50  02U/F 45  68   9 997 2        7 997 2      997 997 2      997 998 2        0                                     
222117 68  70  02F/U 68  68   9 997 2        7 997 2      997 997 2      997  35 2        0                                     
222208158  50  02U/F158  68  13 997 2       11 997 2      997 997 2      997  29 2        0                                     
222211158  60  02U/F158  68  14 997 2       12 997 2      997 997 2      997  41 2        0                                     
222214270  40  02U/F270  68  12 997 2       10 997 2      997 997 2      997 998 2        0                                     
222217225  40  02U/F225  68  10 997 2        8 997 2      997 997 2      997  43 2        0                                     
222308338  70  02F/U338  68   8 997 2        6 997 2      997 997 2      997  22 2        0                                     
222311360  60  02F/U360  68   8 997 2        6 997 2      997 997 2      997  20 2        0                                     
222314338  70  03F/U338  68  10 997 2        8 997 2      997 997 2      997 998 2        0                                     
222317360  80  03  F360   C  10 997 2        8 997 2      997 997 2      997  26 2        0                                     
222408360 110  03  F360   C  11 997 2        9 997 2      997 997 2      997  21 2        0                                     
222411 23 170  05  F 23   C  18 997 2       16 997 2      997 997 2      997 998 2        0                                     
222414360 160  05  F360   C  19 997 2       17 997 2      997 997 2      997 998 2        0                                     
222417360 150  05  F360   C  18 997 2       16 997 2      997 997 2      997 998 2        0                                     
222508360 140  04  F360   C  17 997 2       15 997 2      997 997 2      997  29 2        0                                     
222511338 120  04  F338   C  16 997 2       14 997 2      997 997 2      997  33 2        0                                     
222514315 130  04  F315   C  16 997 2       14 997 2      997 997 2      997 998 2        0                                     
222517338 110  04  F338   C  15 997 2       13 997 2      997 997 2      997 998 2        0                                     
222608315 140  04  F315   C  14 997 2       12 997 2      997 997 2      997  27 2        0                                     
222611338 130  04  F338   C  15 997 2       13 997 2      997 997 2      997  31 2        0                                     
222614315 120  04  F315   C  15 997 2       13 997 2      997 997 2      997 998 2        0                                     
222617315 120  04  F315   C  14 997 2       12 997 2      997 997 2      997  27 2        0                                     
222708293 120  04  F293   C  13 997 2       11 997 2      997 997 2      997  25 2        0                                     
222711315 130  04  F315   C  14 997 2       12 997 2      997 997 2      997  27 2        0                                     
222714315 110  04  F315   C  13 997 2       11 997 2      997 997 2      997 998 2        0                                     
222717338 110  04  F338   C  14 997 2       12 997 2      997 997 2      997  33 2        0                                     
222808338  90  03F/U338  45  12 997 2       10 997 2      997 997 2      997 998 2        0                                     
222811315  90  03  F315   C  12 997 2       10 997 2      997 997 2      997  27 2        0                                     
222814338  80  03  F338   C  11 997 2        9 997 2      997 997 2      997 998 2        0                                     
222817360  70  03  F360   C  10 997 2        8 997 2      997 997 2      997  31 2        0                                     
222908 23  40  02  F 23   C   5 997 2        4 997 2      997 997 2      997  19 2        0                                     
222911998 998  0++++998 998 998 997 2      998 997 2      997 997 2      997 998 2        0                                     
222914360  60  02F/U360  23   7 997 2        5 997 2      997 997 2      997  23 2        0                                     
222917 23  70  03  F 23   C   9 997 2        7 997 2      997 997 2      997 998 2        0                                     
223008338 100  04  F338   C  12 997 2       10 997 2      997 997 2      997  33 2        0                                     
223011338 120  04  F338   C  15 997 2       13 997 2      997 997 2      997  32 2        0                                     
223014338 100  04  F338   C  13 997 2       11 997 2      997 997 2      997  28 2        0                                     
223017338 120  04  F338   C  16 997 2       14 997 2      997 997 2      997  30 2        0                                     
223108338 100  04  F338   C  13 997 2       11 997 2      997 997 2      997  29 2        0                                     
223111338 100  04  F338   C  13 997 2       11 997 2      997 997 2      997  27 2        0                                     
223114360  90  04  F360   C  11 997 2        9 997 2      997 997 2      997  25 2        0                                     
213117360 100  04  F360   C  12 997 2       10 997 2      997 997 2      997  26 2        0                                     
