12 0004                31060N122080E199910        0   0  0359  01101 851                                                        
220108158  30  22U/F158 113   5 997 2        4 997 2      997 997 2      997  41 2        0                                     
220111158  60  22U/F158 113   7 997 2        5 997 2      997 997 2      997 998 2        0                                     
220114158  70  22U/F158 113   7 997 2        5 997 2      997 997 2      997  43 2        0                                     
220117158  80  23F/U158 113   9 997 2        7 997 2      997 997 2      997  30 2        0                                     
220208180  30  22U/F180 113   5 997 2        4 997 2      997 997 2      997  41 2        0                                     
220211360 100  23  F360   C   9 997 2        7 997 2      997 997 2      997 998 2        0                                     
220214360 160  24  F360   C  18 997 2       16 997 2      997 997 2      997 998 2        0                                     
220217 23 160  24  F 23   C  16 997 2       14 997 2      997 997 2      997 998 2        0                                     
220308 23 110  24  F 23   C  14 997 2       12 997 2      997 997 2      997  35 2        0                                     
220311 23 120  24  F 23   C  15 997 2       12 997 2      997 997 2      997 998 2        0                                     
220314 23 120  24  F 23   C  15 997 2       12 997 2      997 997 2      997  30 2        0                                     
220317 23 110  24  F 23   C  14 997 2       12 997 2      997 997 2      997 998 2        0                                     
220408 23 100  24  F 23   C  15 997 2       13 997 2      997 997 2      997 998 2        0                                     
220411 45  80  23U/F 45  45  13 997 2       11 997 2      997 997 2      997  43 2        0                                     
220414 45  60  23U/F 45  45  12 997 2       10 997 2      997 997 2      997  42 2        0                                     
220417 23  60  22U/F 23  45  11 997 2        9 997 2      997 997 2      997 998 2        0                                     
220508 23  60  23U/F 23  45   9 997 2        7 997 2      997 997 2      997  43 2        0                                     
220511 45  60  23U/F 45  45   8 997 2        6 997 2      997 997 2      997  44 2        0                                     
220514 45  60  23U/F 45  45   8 997 2        6 997 2      997 997 2      997  43 2        0                                     
220517 68  40  22U/F 68  45  14 997 2       12 997 2      997 997 2      997 998 2        0                                     
220608 68  50  22U/F 68  45   7 997 2        5 997 2      997 997 2      997  40 2        0                                     
220611 45  40  22U/F 45  45   8 997 2        6 997 2      997 997 2      997 998 2        0                                     
220614 68  30  22U/F 68  45   5 997 2        4 997 2      997 997 2      997  41 2        0                                     
220617 45  60  22U/F 45  45   7 997 2        5 997 2      997 997 2      997  42 2        0                                     
220708 45  70  23F/U 45  45  10 997 2        8 997 2      997 997 2      997 998 2        0                                     
220711 68  50  22U/F 68  45   8 997 2        6 997 2      997 997 2      997  42 2        0                                     
220714 45  60  23F/U 45  45   8 997 2        6 997 2      997 997 2      997  37 2        0                                     
220717 23  60  22F/U 23  45   7 997 2        5 997 2      997 997 2      997 998 2        0                                     
220808 45 110  23F/U 45  45  12 997 2       10 997 2      997 997 2      997 998 2        0                                     
220811 45  90  23F/U 45  45  10 997 2        8 997 2      997 997 2      997  37 2        0                                     
220814 45  80  23F/U 45  45  10 997 2        8 997 2      997 997 2      997  38 2        0                                     
220817 45  90  23F/U 45  45  10 997 2        8 997 2      997 997 2      997  37 2        0                                     
220908 68 110  23F/U 68  45  13 997 2       11 997 2      997 997 2      997 998 2        0                                     
220911 90 100  23  F 90   C  12 997 2       10 997 2      997 997 2      997 998 2        0                                     
220914 90  90  23  F 90   C  10 997 2        8 997 2      997 997 2      997  31 2        0                                     
220917 90  90  24  F 90   C  12 997 2       10 997 2      997 997 2      997  35 2        0                                     
221008135  90  23  F135   C  12 997 2       10 997 2      997 997 2      997  36 2        0                                     
221011158 110  23  F158   C  13 997 2       11 997 2      997 997 2      997 998 2        0                                     
221014180  70  22  F180   C   7 997 2        5 997 2      997 997 2      997  32 2        0                                     
221017248  30  22  F248   C   5 997 2        3 997 2      997 997 2      997  23 2        0                                     
221108293 110  23  F293   C   7 997 2        5 997 2      997 997 2      997  28 2        0                                     
221111293 100  23  F293   C  10 997 2        8 997 2      997 997 2      997 998 2        0                                     
221114315  70  23  F315   C   8 997 2        6 997 2      997 997 2      997  27 2        0                                     
221117315  80  23  F315   C   7 997 2        5 997 2      997 997 2      997  25 2        0                                     
221208 45  40  22U/F 45  45   8 997 2        6 997 2      997 997 2      997  45 2        0                                     
221211 68  50  22U/F 68  45   8 997 2        6 997 2      997 997 2      997  47 2        0                                     
221214 68  60  23U/F 68  45   9 997 2        7 997 2      997 997 2      997  43 2        0                                     
221217 90  50  22U/F 90  45   9 997 2        7 997 2      997 997 2      997  43 2        0                                     
221308135  50  22U/F135  45   6 997 2        4 997 2      997 997 2      997  41 2        0                                     
221311135  70  22F/U135  45   7 997 2        5 997 2      997 997 2      997 998 2        0                                     
221314 90  60  23U/F 90  45   9 997 2        7 997 2      997 997 2      997 998 2        0                                     
221317135  30  22U/F135  45   6 997 2        4 997 2      997 997 2      997  37 2        0                                     
221408113  70  23F/U113  45  12 997 2       10 997 2      997 997 2      997  28 2        0                                     
221411 90  70  23U/F 90  45  13 997 2       11 997 2      997 997 2      997 998 2        0                                     
221414113  80  23F/U113  45  14 997 2       12 997 2      997 997 2      997  33 2        0                                     
221417113  70  23F/U113  45  14 997 2       12 997 2      997 997 2      997  32 2        0                                     
221508360 160  25  F360   C  20 997 2       17 997 2      997 997 2      997  36 2        0                                     
221511 23 140  24  F 23   C  17 997 2       14 997 2      997 997 2      997  33 2        0                                     
221514 23 120  24  F 23   C  16 997 2       13 997 2      997 997 2      997  33 2        0                                     
221517 23 130  24  F 23   C  17 997 2       14 997 2      997 997 2      997  33 2        0                                     
221608 23 160  25  F 23   C  19 997 2       16 997 2      997 997 2      997 998 2        0                                     
221611 23 140  25  F 23   C  18 997 2       15 997 2      997 997 2      997  34 2        0                                     
221614 23 130  25  F 23   C  17 997 2       15 997 2      997 997 2      997  33 2        0                                     
221617 23 130  24  F 23   C  16 997 2       14 997 2      997 997 2      997  33 2        0                                     
221708315 130  25  F315   C  18 997 2       15 997 2      997 997 2      997  33 2        0                                     
221711338 110  24  F338   C  16 997 2       13 997 2      997 997 2      997  31 2        0                                     
221714338  90  24  F338   C  15 997 2       13 997 2      997 997 2      997 998 2        0                                     
221717360 100  24  F360   C  16 997 2       14 997 2      997 997 2      997  31 2        0                                     
221808338  80  23F/U338  45  14 997 2       12 997 2      997 997 2      997  31 2        0                                     
221811338 100  24F/U338  45  13 997 2       11 997 2      997 997 2      997  30 2        0                                     
221814338 100  24F/U338  45  15 997 2       13 997 2      997 997 2      997 998 2        0                                     
221817 23  80  23U/F 23  45  12 997 2       10 997 2      997 997 2      997  42 2        0                                     
221908360  80  23U/F360  45  12 997 2       10 997 2      997 997 2      997 998 2        0                                     
221911360  60  23U/F360  45  10 997 2        8 997 2      997 997 2      997  41 2        0                                     
221914360  60  23U/F360  45   8 997 2        6 997 2      997 997 2      997 998 2        0                                     
221917360  50  22U/F360  45   7 997 2        5 997 2      997 997 2      997 998 2        0                                     
222008360  60  23U/F360  45   7 997 2        5 997 2      997 997 2      997 998 2        0                                     
222011338  50  22U/F338  45   6 997 2        4 997 2      997 997 2      997 998 2        0                                     
222014338  30  21U/F338  45   4 997 2        3 997 2      997 997 2      997  45 2        0                                     
222017338  40  22U/F338  45   8 997 2        6 997 2      997 997 2      997 998 2        0                                     
222108360  30  21U/F360  90   5 997 2        4 997 2      997 997 2      997  42 2        0                                     
222111 45  30  21U/F 45  90   5 997 2        4 997 2      997 997 2      997 998 2        0                                     
222114 45  30  22U/F 45  90   5 997 2        4 997 2      997 997 2      997  43 2        0                                     
222117  C   0  21U/F  C   C   0 997 2        0 997 2      997 997 2      997   0 2        0                                     
222208 23  20  21U/F 23  68   6 997 2        4 997 2      997 997 2      997 998 2        0                                     
222211 23  30  21U/F 23  68   6 997 2        4 997 2      997 997 2      997  41 2        0                                     
222214 23  40  22U/F 23  68   5 997 2        3 997 2      997 997 2      997  39 2        0                                     
222217 23  30  21U/F 23  68   5 997 2        4 997 2      997 997 2      997  41 2        0                                     
222308 23  80  23  F 23   C  10 997 2        8 997 2      997 997 2      997  30 2        0                                     
222311 23  80  23F/U 23  68  11 997 2        9 997 2      997 997 2      997 998 2        0                                     
222314 23  70  23F/U 23  68  10 997 2        8 997 2      997 997 2      997 998 2        0                                     
222317360  60  23U/F360  68  10 997 2        8 997 2      997 997 2      997  42 2        0                                     
222408 23  90  23  F 23   C  10 997 2        8 997 2      997 997 2      997  28 2        0                                     
222411 23  60  23F/U 23  68  10 997 2        8 997 2      997 997 2      997  29 2        0                                     
222414 23  50  23F/U 23  68   9 997 2        7 997 2      997 997 2      997  26 2        0                                     
222417 23  50  23F/U 23  68   9 997 2        7 997 2      997 997 2      997  31 2        0                                     
222508 90  50  23F/U 90  68   8 997 2        6 997 2      997 997 2      997  29 2        0                                     
222511 90  60  23F/U 90  90   8 997 2        6 997 2      997 997 2      997  30 2        0                                     
222514 90  40  23F/U 90  90   6 997 2        5 997 2      997 997 2      997  32 2        0                                     
222517 90  40  23U/F 90  90   9 997 2        7 997 2      997 997 2      997  43 2        0                                     
222608113  60  23U/F113 113   8 997 2        6 997 2      997 997 2      997 998 2        0                                     
222611 90  40  22U/F 90 113   6 997 2        5 997 2      997 997 2      997  41 2        0                                     
222614270  40  22U/F270 113   6 997 2        5 997 2      997 997 2      997  44 2        0                                     
222617338  30  22U/F338 113   5 997 2        4 997 2      997 997 2      997  39 2        0                                     
222708315  60  23F/U315  90   9 997 2        7 997 2      997 997 2      997  33 2        0                                     
222711338  60  23F/U338  90   9 997 2        7 997 2      997 997 2      997 998 2        0                                     
222714360  20  22U/F360  68   6 997 2        5 997 2      997 997 2      997  43 2        0                                     
222717  C   0  21U/F  C   C   0 997 2        0 997 2      997 997 2      997   0 2        0                                     
222808203  70  23  F203   C  10 997 2        8 997 2      997 997 2      997 998 2        0                                     
222811180  70  23  F180   C  10 997 2        8 997 2      997 997 2      997  31 2        0                                     
222814180  60  23  F180   C   9 997 2        7 997 2      997 997 2      997  29 2        0                                     
222817180  60  23  F180   C   9 997 2        7 997 2      997 997 2      997  30 2        0                                     
222908360  60  23  F360   C   6 997 2        5 997 2      997 997 2      997  27 2        0                                     
222911 23 100  24  F 23   C  12 997 2       10 997 2      997 997 2      997 998 2        0                                     
222914 45 110  24  F 45   C  12 997 2       10 997 2      997 997 2      997 998 2        0                                     
222917 45  90  24  F 45   C  12 997 2       10 997 2      997 997 2      997  29 2        0                                     
223008 68  80  24  F 68   C  13 997 2       11 997 2      997 997 2      997  28 2        0                                     
223011 68  90  24  F 68   C  13 997 2       11 997 2      997 997 2      997 998 2        0                                     
223014 90  90  24  F 90   C  13 997 2       11 997 2      997 997 2      997  30 2        0                                     
223017 90  80  24  F 90   C  14 997 2       12 997 2      997 997 2      997 998 2        0                                     
223108113  90  24  F113   C  13 997 2       11 997 2      997 997 2      997  32 2        0                                     
223111180  80  23  F180   C  12 997 2       10 997 2      997 997 2      997  30 2        0                                     
223114248  60  23  F248   C  11 997 2        9 997 2      997 997 2      997  27 2        0                                     
213117270  80  23  F270   C  12 997 2       10 997 2      997 997 2      997  34 2        0                                     
