12 0004                31009N122006E199911        0   0  0359  01101 851                                                        
220108293 150  25  F293   C  18 997 2       15 997 2      997 997 2      997  36 2        0                                     
220111315 150  25  F315   C  18 997 2       15 997 2      997 997 2      997 998 2        0                                     
220114315 140  25  F315   C  17 997 2       14 997 2      997 997 2      997 998 2        0                                     
220117338 100  24  F338   C  17 997 2       14 997 2      997 997 2      997  35 2        0                                     
220208293  80  24  F293   C  14 997 2       12 997 2      997 997 2      997  27 2        0                                     
220211315 100  24  F315   C  14 997 2       12 997 2      997 997 2      997 998 2        0                                     
220214315  90  24  F315   C  13 997 2       11 997 2      997 997 2      997 998 2        0                                     
220217360  80  24  F360   C  13 997 2       11 997 2      997 997 2      997  32 2        0                                     
220308 23  60  23  F 23   C  10 997 2        8 997 2      997 997 2      997 998 2        0                                     
220311360  50  23F/U360  90   9 997 2        7 997 2      997 997 2      997  27 2        0                                     
220314360  50  23F/U360  90   9 997 2        7 997 2      997 997 2      997 998 2        0                                     
220317360  50  23F/U360  90   9 997 2        7 997 2      997 997 2      997 998 2        0                                     
220408 45  60  23F/U 45  90   8 997 2        6 997 2      997 997 2      997  35 2        0                                     
220411 45  60  23F/U 45  90   8 997 2        6 997 2      997 997 2      997  31 2        0                                     
220414 68  60  23F/U 68  90   9 997 2        7 997 2      997 997 2      997  32 2        0                                     
220417 68  60  23F/U 68  90   9 997 2        7 997 2      997 997 2      997 998 2        0                                     
220508 90  60  22U/F 90  90   7 997 2        5 997 2      997 997 2      997  42 2        0                                     
220511113  90  23F/U113  90  14 997 2       11 997 2      997 997 2      997 998 2        0                                     
220514113  70  23F/U113  90  11 997 2        9 997 2      997 997 2      997  35 2        0                                     
220517113  60  23F/U113  90  10 997 2        8 997 2      997 997 2      997  36 2        0                                     
220608 90  60  22U/F 90  90   9 997 2        7 997 2      997 997 2      997 998 2        0                                     
220611113  70  23U/F113  90  10 997 2        8 997 2      997 997 2      997  43 2        0                                     
220614113  50  22U/F113  90   8 997 2        6 997 2      997 997 2      997 998 2        0                                     
220617113  30  22U/F113  90   8 997 2        6 997 2      997 997 2      997  43 2        0                                     
220708113  50  22U/F113  90   7 997 2        5 997 2      997 997 2      997 998 2        0                                     
220711 90  50  22U/F 90  90   7 997 2        5 997 2      997 997 2      997 998 2        0                                     
220714  C   0  21U/F  C  90   5 997 2        3 997 2      997 997 2      997  47 2        0                                     
220717360  20  21U/F  C  90   6 997 2        4 997 2      997 997 2      997  44 2        0                                     
220808338 110  24  F338   C  14 997 2       12 997 2      997 997 2      997 998 2        0                                     
220811338  70  23  F338   C  10 997 2        8 997 2      997 997 2      997  33 2        0                                     
220814315 100  24  F315   C  12 997 2       10 997 2      997 997 2      997  32 2        0                                     
220817315 110  23  F315   C  12 997 2       10 997 2      997 997 2      997  29 2        0                                     
220908360 100  24  F360   C  15 997 2       13 997 2      997 997 2      997 998 2        0                                     
220911360  80  23  F360   C  11 997 2        9 997 2      997 997 2      997  29 2        0                                     
220914338  90  23  F338   C  12 997 2       10 997 2      997 997 2      997 998 2        0                                     
220917338  90  22  F338   C   7 997 2        5 997 2      997 997 2      997  29 2        0                                     
221008360  70  23U/F360  68  10 997 2        8 997 2      997 997 2      997 998 2        0                                     
221011360  50  22U/F360  68   8 997 2        6 997 2      997 997 2      997  45 2        0                                     
221014 68  30  22U/F 68  68   9 997 2        7 997 2      997 997 2      997  50 2        0                                     
221017 90  20  22U/F 90  68   6 997 2        5 997 2      997 997 2      997  47 2        0                                     
221108158  80  23U/F158 113  11 997 2        9 997 2      997 997 2      997  46 2        0                                     
221111158  80  23U/F158 113  13 997 2       11 997 2      997 997 2      997 998 2        0                                     
221114270  70  23U/F270 113  12 997 2       10 997 2      997 997 2      997 998 2        0                                     
221117270 100  23  F270   C  10 997 2        8 997 2      997 997 2      997 998 2        0                                     
221208315  70  23  F315   C   8 997 2        6 997 2      997 997 2      997  29 2        0                                     
221211315  70  23  F315   C   9 997 2        7 997 2      997 997 2      997 998 2        0                                     
221214315 100  24  F315   C  16 997 2       13 997 2      997 997 2      997 998 2        0                                     
221217338  80  23  F338   C  12 997 2       10 997 2      997 997 2      997 998 2        0                                     
221308 23  80  23F/U 23  68  11 997 2        9 997 2      997 997 2      997  31 2        0                                     
221311 23  80  23F/U 23  68  12 997 2       10 997 2      997 997 2      997 998 2        0                                     
221314 90  70  23F/U 90  68  10 997 2        8 997 2      997 997 2      997 998 2        0                                     
221317 90  40  22U/F 90  68   9 997 2        7 997 2      997 997 2      997 998 2        0                                     
221408 45  60  22U/F 45  68   8 997 2        6 997 2      997 997 2      997  50 2        0                                     
221411 90  60  22U/F 90  90  13 997 2       11 997 2      997 997 2      997 998 2        0                                     
221414 45  40  22U/F 45  90  10 997 2        8 997 2      997 997 2      997  51 2        0                                     
221417360  50  22U/F360  90   8 997 2        6 997 2      997 997 2      997 998 2        0                                     
221508360 150  24  F360   C  16 997 2       13 997 2      997 997 2      997  31 2        0                                     
221511315 160  25  F315   C  17 997 2       14 997 2      997 997 2      997 998 2        0                                     
221514315 170  26  F315   C  19 997 2       16 997 2      997 997 2      997 998 2        0                                     
221517338 170  26  F338   C  21 997 2       18 997 2      997 997 2      997  39 2        0                                     
221608315 140  25  F315   C  19 997 2       16 997 2      997 997 2      997  34 2        0                                     
221611315 130  25  F315   C  17 997 2       15 997 2      997 997 2      997  33 2        0                                     
221614338 100  24  F338   C  17 997 2       15 997 2      997 997 2      997  33 2        0                                     
221617338 110  24  F338   C  17 997 2       15 997 2      997 997 2      997  33 2        0                                     
221708338 120  25  F338   C  19 997 2       16 997 2      997 997 2      997 998 2        0                                     
221711315  80  23  F315   C  13 997 2       11 997 2      997 997 2      997  31 2        0                                     
221714338  90  23F/U338  68  14 997 2       12 997 2      997 997 2      997 998 2        0                                     
221717338  70  23U/F338  68  13 997 2       11 997 2      997 997 2      997  43 2        0                                     
221808338  70  23U/F338  68   8 997 2        6 997 2      997 997 2      997 998 2        0                                     
221811338  50  23U/F338  68   7 997 2        5 997 2      997 997 2      997  39 2        0                                     
221814315  50  22U/F315  68   6 997 2        4 997 2      997 997 2      997  39 2        0                                     
221817293  30  21U/F  C   C   0 997 2        0 997 2      997 997 2      997   0 2        0                                     
221908338  20  21U/F  C   C   0 997 2        0 997 2      997 997 2      997   0 2        0                                     
221911270  30  21U/F270  68   4 997 2        3 997 2      997 997 2      997  43 2        0                                     
221914225  30  21U/F225  68   4 997 2        3 997 2      997 997 2      997  42 2        0                                     
221917225  30  21U/F225  68   4 997 2        3 997 2      997 997 2      997 998 2        0                                     
222008315  40  23F/U315  68   7 997 2        5 997 2      997 997 2      997  22 2        0                                     
222011315  40  23F/U315  68   8 997 2        6 997 2      997 997 2      997  23 2        0                                     
222014  C   0  21U/F  C   C   0 997 2        0 997 2      997 997 2      997   0 2        0                                     
222017158  30  21U/F  C   C   0 997 2        0 997 2      997 997 2      997   0 2        0                                     
222108 45  20  21U/F  C   C   0 997 2        0 997 2      997 997 2      997   0 2        0                                     
222111 45  40  22  F 45   C   5 997 2        3 997 2      997 997 2      997 998 2        0                                     
222114 90  30  22  F 90   C   6 997 2        4 997 2      997 997 2      997  24 2        0                                     
222117113  50  23  F113   C   7 997 2        5 997 2      997 997 2      997  23 2        0                                     
222208158  30  21U/F158 113   5 997 2        4 997 2      997 997 2      997 998 2        0                                     
222211158  50  22U/F158 113   7 997 2        5 997 2      997 997 2      997  38 2        0                                     
222214158  30  21U/F  C   C   0 997 2        0 997 2      997 997 2      997   0 2        0                                     
222217 68  30  21U/F  C   C   0 997 2        0 997 2      997 997 2      997   0 2        0                                     
222308 90  50  21U/F 90  90   7 997 2        6 997 2      997 997 2      997  42 2        0                                     
222311113  30  21U/F113  90   7 997 2        6 997 2      997 997 2      997  42 2        0                                     
222314113  40  21U/F113  90   8 997 2        6 997 2      997 997 2      997  43 2        0                                     
222317113  30  22U/F113  90   6 997 2        4 997 2      997 997 2      997  43 2        0                                     
222408158  60  23U/F158  90   7 997 2        5 997 2      997 997 2      997 998 2        0                                     
222411158  50  23U/F158  90   7 997 2        5 997 2      997 997 2      997 998 2        0                                     
222414158  50  22U/F158  90   8 997 2        6 997 2      997 997 2      997  50 2        0                                     
222417203  60  23  F203   C   7 997 2        5 997 2      997 997 2      997  19 2        0                                     
222508360 120  23  F360   C  11 997 2        9 997 2      997 997 2      997  25 2        0                                     
222511360 100  23  F360   C  13 997 2       11 997 2      997 997 2      997  29 2        0                                     
222514360 120  24  F360   C  17 997 2       15 997 2      997 997 2      997 998 2        0                                     
222517360 100  23  F360   C  10 997 2        8 997 2      997 997 2      997  24 2        0                                     
222608 23 140  25  F 23   C  21 997 2       18 997 2      997 997 2      997 998 2        0                                     
222611 45 120  25  F 45   C  18 997 2       15 997 2      997 997 2      997 998 2        0                                     
222614360 110  24  F360   C  12 997 2       10 997 2      997 997 2      997  28 2        0                                     
222617 23  80  23  F 23   C   9 997 2        7 997 2      997 997 2      997  22 2        0                                     
222708360 120  24  F360   C  12 997 2       10 997 2      997 997 2      997  23 2        0                                     
222711 23 110  24  F 23   C  13 997 2       11 997 2      997 997 2      997  27 2        0                                     
222714360 120  24  F360   C  13 997 2       11 997 2      997 997 2      997  28 2        0                                     
222717315 140  25  F315   C  15 997 2       13 997 2      997 997 2      997  29 2        0                                     
222808315 130  24  F315   C  13 997 2       11 997 2      997 997 2      997  26 2        0                                     
222811293 120  24  F293   C  12 997 2       10 997 2      997 997 2      997  29 2        0                                     
222814315 110  24  F315   C  12 997 2       10 997 2      997 997 2      997 998 2        0                                     
222817315 100  24  F315   C  13 997 2       11 997 2      997 997 2      997  32 2        0                                     
222908338 100  23  F338   C  10 997 2        8 997 2      997 997 2      997  22 2        0                                     
222911338 110  24F/U338  23  12 997 2       10 997 2      997 997 2      997 998 2        0                                     
222914338  80  23F/U338  23  10 997 2        8 997 2      997 997 2      997 998 2        0                                     
222917338  80  24U/F338  23  12 997 2       10 997 2      997 997 2      997 998 2        0                                     
223008360  70  23  F360   C  10 997 2        8 997 2      997 997 2      997  33 2        0                                     
223011360  50  22  F360   C   6 997 2        4 997 2      997 997 2      997  20 2        0                                     
223014338  50  22U/F338  23   9 997 2        7 997 2      997 997 2      997 998 2        0                                     
213017 68  60  22F/U 68  23   8 997 2        6 997 2      997 997 2      997  28 2        0                                     
