12 0004                31020N122060E200006  31                                                                                  
220108158  70  23  F158   C   8 997 2        6 997 2      997 997 2      997  25 2        0                                     
220111113  70  23  F113   C   8 997 2        6 997 2      997 997 2      997 998 2        0                                     
220114113  60  23  F113   C  10 997 2        8 997 2      997 997 2      997  28 2        0                                     
220117113  70  23  F113   C  12 997 2       10 997 2      997 997 2      997  29 2        0                                     
220208135  60  23  F135   C   8 997 2        6 997 2      997 997 2      997  30 2        0                                     
220211203  30  22U/F203  90   6 997 2        4 997 2      997 997 2      997  39 2        0                                     
220214180  30  21U/F  C  90   5 997 2        3 997 2      997 997 2      997 998 2        0                                     
220217 90  30  21U/F 90  90   4 997 2        3 997 2      997 997 2      997  37 2        0                                     
220308 68  60  23U/F 68  90   8 997 2        6 997 2      997 997 2      997 998 2        0                                     
220311 68  70  23U/F 68  90   8 997 2        6 997 2      997 997 2      997 998 2        0                                     
220314 90  50  22U/F 90  90   7 997 2        5 997 2      997 997 2      997  37 2        0                                     
220317 90  50  23U/F 90  90   8 997 2        6 997 2      997 997 2      997  38 2        0                                     
220408 45 140  25  F 45   C  19 997 2       16 997 2      997 997 2      997 998 2        0                                     
220411 45 140  25  F 45   C  19 997 2       16 997 2      997 997 2      997 998 2        0                                     
220414 68 120  24  F 68   C  17 997 2       14 997 2      997 997 2      997  33 2        0                                     
220417 45  90  23  F 45   C  13 997 2       11 997 2      997 997 2      997  27 2        0                                     
220508 45  40  22U/F 45  90  13 997 2       11 997 2      997 997 2      997  52 2        0                                     
220511 45  40  22U/F 45  90  13 997 2       11 997 2      997 997 2      997  53 2        0                                     
220514 23  40  22U/F 23  90  14 997 2       12 997 2      997 997 2      997 998 2        0                                     
220517 45  50  23F/U 45  90   7 997 2        5 997 2      997 997 2      997  25 2        0                                     
220608 90  50  22U/F 90  90   7 997 2        5 997 2      997 997 2      997  39 2        0                                     
220611113  40  22U/F113  90   9 997 2        7 997 2      997 997 2      997 998 2        0                                     
220614 90  40  21U/F  C  90   8 997 2        6 997 2      997 997 2      997 998 2        0                                     
220617 90  40  22U/F 90  90   8 997 2        6 997 2      997 997 2      997  47 2        0                                     
220708158  70  23  F158   C  13 997 2       11 997 2      997 997 2      997  31 2        0                                     
220711158  80  23  F158   C  14 997 2       12 997 2      997 997 2      997 998 2        0                                     
220714135  90  23F/U135 113  11 997 2        9 997 2      997 997 2      997  27 2        0                                     
220717135 100  24F/U135 113  14 997 2       12 997 2      997 997 2      997  31 2        0                                     
220808315  60  23  F315   C   8 997 2        6 997 2      997 997 2      997  27 2        0                                     
220811248  50  22U/F248  68   8 997 2        6 997 2      997 997 2      997  40 2        0                                     
220814225  80  23  F225   C   9 997 2        7 997 2      997 997 2      997  27 2        0                                     
220817270  40  22U/F270  68   8 997 2        6 997 2      997 997 2      997  30 2        0                                     
220908360  20  22U/F360  68   6 997 2        4 997 2      997 997 2      997  43 2        0                                     
220911 90  30  22U/F 90  68   6 997 2        4 997 2      997 997 2      997  41 2        0                                     
220914158  70  23  F158   C   8 997 2        6 997 2      997 997 2      997  30 2        0                                     
220917203 110  24  F203   C  16 997 2       13 997 2      997 997 2      997  31 2        0                                     
221008  C   0  21U/F  C  90   6 997 2        4 997 2      997 997 2      997 998 2        0                                     
221011 90  10  21U/F  C   C   0 997 2        0 997 2      997 997 2      997   0 2        0                                     
221014  C   0  21U/F  C   C   0 997 2        0 997 2      997 997 2      997   0 2        0                                     
221017158 120  24  F158   C  16 997 2       13 997 2      997 997 2      997  30 2        0                                     
221108270  20  22U/F270  90   4 997 2        3 997 2      997 997 2      997 998 2        0                                     
221111293  20  22U/F293  90   6 997 2        4 997 2      997 997 2      997  44 2        0                                     
221114315  20  22U/F315  90   9 997 2        7 997 2      997 997 2      997  45 2        0                                     
221117270  20  22U/F270  90   7 997 2        5 997 2      997 997 2      997 998 2        0                                     
221208 23  90  23F/U 23  68  13 997 2       11 997 2      997 997 2      997  31 2        0                                     
221211 23  80  23F/U 23  68  11 997 2        9 997 2      997 997 2      997  31 2        0                                     
221214360  80  23F/U360  68  11 997 2        9 997 2      997 997 2      997  31 2        0                                     
221217360  80  23F/U360  68  11 997 2        9 997 2      997 997 2      997 998 2        0                                     
221308360  60  23  F360   C   8 997 2        6 997 2      997 997 2      997  28 2        0                                     
221311360  60  23  F360   C   7 997 2        5 997 2      997 997 2      997  29 2        0                                     
221314 23  50  22  F 23   C   6 997 2        4 997 2      997 997 2      997  30 2        0                                     
221317 23  60  23  F 23   C   7 997 2        5 997 2      997 997 2      997  28 2        0                                     
221408203  30  22  F203   C   5 997 2        3 997 2      997 997 2      997  28 2        0                                     
221411203  50  22U/F203  90   7 997 2        5 997 2      997 997 2      997  51 2        0                                     
221414180  60  23  F180   C   7 997 2        5 997 2      997 997 2      997  26 2        0                                     
221417180  60  23  F180   C   7 997 2        5 997 2      997 997 2      997  28 2        0                                     
221508158  60  23  F158   C   8 997 2        6 997 2      997 997 2      997 998 2        0                                     
221511135  80  23  F135   C   9 997 2        7 997 2      997 997 2      997  26 2        0                                     
221514135  70  23  F135   C   9 997 2        7 997 2      997 997 2      997 998 2        0                                     
221517158  80  23F/U158 113  10 997 2        8 997 2      997 997 2      997  31 2        0                                     
221608113  70  23U/F113  90   9 997 2        7 997 2      997 997 2      997  31 2        0                                     
221611 68  50  23U/F 68  90   8 997 2        6 997 2      997 997 2      997  36 2        0                                     
221614 90  70  23U/F 90  90   9 997 2        7 997 2      997 997 2      997 998 2        0                                     
221617 23  30  22U/F 23  45   6 997 2        4 997 2      997 997 2      997  50 2        0                                     
221708 23  60  23U/F 23  68  10 997 2        8 997 2      997 997 2      997  44 2        0                                     
221711 45  50  23U/F 45  68   8 997 2        6 997 2      997 997 2      997  44 2        0                                     
221714360  50  23U/F360  68   8 997 2        6 997 2      997 997 2      997  41 2        0                                     
221717360  70  23  F360   C   8 997 2        6 997 2      997 997 2      997  26 2        0                                     
221808 23  20  22U/F 23  90   8 997 2        6 997 2      997 997 2      997  41 2        0                                     
221811158  20  22U/F158  90   6 997 2        4 997 2      997 997 2      997  36 2        0                                     
221814 45  10  21U/F  C  90   8 997 2        6 997 2      997 997 2      997 998 2        0                                     
221817113  50  23U/F113  90   8 997 2        6 997 2      997 997 2      997  38 2        0                                     
221908113  60  23U/F113  90   9 997 2        7 997 2      997 997 2      997 998 2        0                                     
221911113  60  23U/F113  90   7 997 2        5 997 2      997 997 2      997  44 2        0                                     
221914135  90  23  F135   C  10 997 2        8 997 2      997 997 2      997  26 2        0                                     
221917135  80  23  F135   C  14 997 2       12 997 2      997 997 2      997  32 2        0                                     
222008 90  90  23U/F 90  90  14 997 2       12 997 2      997 997 2      997  43 2        0                                     
222011 45 120  24  F 45   C  14 997 2       12 997 2      997 997 2      997  32 2        0                                     
222014360  20  21U/F360  90  12 997 2       10 997 2      997 997 2      997 998 2        0                                     
222017 23  20  21U/F 23  90   8 997 2        6 997 2      997 997 2      997  43 2        0                                     
222108 90  40  22U/F 90  90   9 997 2        7 997 2      997 997 2      997  43 2        0                                     
222111113  60  23U/F113  90  11 997 2        9 997 2      997 997 2      997 998 2        0                                     
222114113  50  23F/U113  90   9 997 2        7 997 2      997 997 2      997 998 2        0                                     
222117135  40  23F/U113  90   8 997 2        6 997 2      997 997 2      997  24 2        0                                     
222208225  30  21U/F  C   C   0 997 2        0 997 2      997 997 2      997   0 2        0                                     
222211225  30  21U/F  C  90   6 997 2        4 997 2      997 997 2      997  39 2        0                                     
222214225 100  23  F225   C  13 997 2       11 997 2      997 997 2      997  29 2        0                                     
222217225  70  23  F225   C  13 997 2       11 997 2      997 997 2      997  29 2        0                                     
222308203  90  23  F203   C  13 997 2       11 997 2      997 997 2      997  31 2        0                                     
222311180  90  23  F180   C  14 997 2       12 997 2      997 997 2      997 998 2        0                                     
222314180  90  23  F180   C  14 997 2       12 997 2      997 997 2      997 998 2        0                                     
222317203  60  23  F203   C   9 997 2        7 997 2      997 997 2      997  26 2        0                                     
222408248  70  23  F248   C   9 997 2        7 997 2      997 997 2      997  27 2        0                                     
222411248  50  23  F248   C   7 997 2        5 997 2      997 997 2      997  22 2        0                                     
222414158  50  22  F158   C   6 997 2        4 997 2      997 997 2      997 998 2        0                                     
222417180  50  22U/F180 135   5 997 2        4 997 2      997 997 2      997 998 2        0                                     
222508158  40  21U/F  C   C   0 997 2        0 997 2      997 997 2      997   0 2        0                                     
222511180  30  22U/F180  90   5 997 2        4 997 2      997 997 2      997  42 2        0                                     
222514135  40  21U/F135  90   6 997 2        5 997 2      997 997 2      997 998 2        0                                     
222517135  50  23F/U135  90   7 997 2        5 997 2      997 997 2      997 998 2        0                                     
222608225  60  22  F225   C   6 997 2        4 997 2      997 997 2      997 998 2        0                                     
222611225  60  23F/U225  68   8 997 2        6 997 2      997 997 2      997  23 2        0                                     
222614180  50  23  F180   C   8 997 2        6 997 2      997 997 2      997  23 2        0                                     
222617158  50  22  F158   C   6 997 2        4 997 2      997 997 2      997  22 2        0                                     
222708225  70  23U/F225 135   7 997 2        5 997 2      997 997 2      997  44 2        0                                     
222711225  70  23F/U225 135   7 997 2        5 997 2      997 997 2      997  23 2        0                                     
222714225  70  23  F225   C   7 997 2        5 997 2      997 997 2      997  25 2        0                                     
222717203  70  23  F203   C   9 997 2        7 997 2      997 997 2      997 998 2        0                                     
222808338  50  23  F338   C   7 997 2        5 997 2      997 997 2      997  26 2        0                                     
222811360  20  21U/F  C  45   5 997 2        4 997 2      997 997 2      997 998 2        0                                     
222814  C   0  21U/F  C  45   5 997 2        3 997 2      997 997 2      997  36 2        0                                     
222817158  30  21U/F158  45   4 997 2        3 997 2      997 997 2      997 998 2        0                                     
222908180  60  23U/F180 113   7 997 2        6 997 2      997 997 2      997 998 2        0                                     
222911180  60  23U/F180 113   7 997 2        5 997 2      997 997 2      997  44 2        0                                     
222914203  60  22  F203   C   7 997 2        5 997 2      997 997 2      997  23 2        0                                     
222917180  60  22  F180   C   8 997 2        6 997 2      997 997 2      997 998 2        0                                     
223008 23  20  21U/F  C 113   8 997 2        6 997 2      997 997 2      997  39 2        0                                     
223011158  40  22U/F158 113   9 997 2        7 997 2      997 997 2      997 998 2        0                                     
223014  C   0  21U/F  C 113   5 997 2        4 997 2      997 997 2      997 998 2        0                                     
213017 45  20  21U/F  C 113   8 997 2        6 997 2      997 997 2      997  42 2        0                                     
