12 0004                31060N122080E199907        0   0  0359  01101 851                                                        
220108180  80  23  F180   C   9 997 2        7 997 2      997 997 2      997 998 2        0                                     
220111225  70  23  F225   C   9 997 2        7 997 2      997 997 2      997 998 2        0                                     
220114225  80  23  F225   C   9 997 2        7 997 2      997 997 2      997  36 2        0                                     
220117225  70  23  F225   C   8 997 2        6 997 2      997 997 2      997  36 2        0                                     
220208248 140  24  F248   C  13 997 2       11 997 2      997 997 2      997  36 2        0                                     
220211270 100  24  F270   C  13 997 2       11 997 2      997 997 2      997  36 2        0                                     
220214338 100  24  F338   C  12 997 2       10 997 2      997 997 2      997  35 2        0                                     
220217270 100  24  F270   C  12 997 2       10 997 2      997 997 2      997 998 2        0                                     
220308338  50  22U/F338  68   6 997 2        4 997 2      997 997 2      997  42 2        0                                     
220311360  50  22U/F360  68   7 997 2        5 997 2      997 997 2      997 998 2        0                                     
220314360  60  22U/F360  68   6 997 2        4 997 2      997 997 2      997 998 2        0                                     
220317360  40  22U/F360  68   5 997 2        3 997 2      997 997 2      997  43 2        0                                     
220408  C   0  21U/F  C   C   0 997 2        0 997 2      997 997 2      997   0 2        0                                     
220411 68  30  22U/F 68  68   6 997 2        4 997 2      997 997 2      997  45 2        0                                     
220414 45  50  22U/F 45  68   6 997 2        4 997 2      997 997 2      997  43 2        0                                     
220417 68  60  22U/F 68  68   7 997 2        5 997 2      997 997 2      997  42 2        0                                     
220508 90  60  23  F 90   C   7 997 2        5 997 2      997 997 2      997  31 2        0                                     
220511 90  90  23  F 90   C   8 997 2        6 997 2      997 997 2      997  33 2        0                                     
220514 90  70  23U/F 90  90   9 997 2        7 997 2      997 997 2      997  46 2        0                                     
220517 90  80  23U/F 90  90  10 997 2        8 997 2      997 997 2      997 998 2        0                                     
220608113  70  23U/F113  90   9 997 2        7 997 2      997 997 2      997  46 2        0                                     
220611113  80  23U/F113  90  12 997 2       10 997 2      997 997 2      997  46 2        0                                     
220614 90  90  23U/F 90  90  11 997 2        9 997 2      997 997 2      997  43 2        0                                     
220617 90 100  24U/F 90  90  13 997 2       11 997 2      997 997 2      997 998 2        0                                     
220708135 100  24F/U135  90  11 997 2        9 997 2      997 997 2      997 998 2        0                                     
220711113  90  24F/U113  90  13 997 2       11 997 2      997 997 2      997  35 2        0                                     
220714 90  90  24F/U 90  90  14 997 2       12 997 2      997 997 2      997 998 2        0                                     
220717113 100  24F/U 90  90  14 997 2       12 997 2      997 997 2      997  36 2        0                                     
220808135  60  22U/F135  68   7 997 2        5 997 2      997 997 2      997 998 2        0                                     
220811135  40  22U/F135  68   6 997 2        4 997 2      997 997 2      997  39 2        0                                     
220814135  20  21U/F  C  68   5 997 2        3 997 2      997 997 2      997  40 2        0                                     
220817135  60  22U/F135  68   6 997 2        4 997 2      997 997 2      997  42 2        0                                     
220908338  50  22U/F338  68   6 997 2        4 997 2      997 997 2      997  42 2        0                                     
220911293  30  22U/F293  68   5 997 2        3 997 2      997 997 2      997 998 2        0                                     
220914360  50  22U/F360  68   6 997 2        4 997 2      997 997 2      997  43 2        0                                     
220917360  60  22U/F360  68  10 997 2        8 997 2      997 997 2      997 998 2        0                                     
221008 45  40  22U/F 45  90  10 997 2        8 997 2      997 997 2      997  47 2        0                                     
221011 23  20  21U/F  C  90   9 997 2        7 997 2      997 997 2      997  52 2        0                                     
221014 23  20  21U/F  C  90   7 997 2        5 997 2      997 997 2      997  50 2        0                                     
221017 45  20  21U/F  C  90   5 997 2        4 997 2      997 997 2      997  51 2        0                                     
221108360  50  22U/F360  90   8 997 2        6 997 2      997 997 2      997  47 2        0                                     
221111 68  70  23F/U 68  90   7 997 2        5 997 2      997 997 2      997 998 2        0                                     
221114 23  60  23F/U 23  90  10 997 2        8 997 2      997 997 2      997  29 2        0                                     
221117 68 100  24F/U 68  90  15 997 2       13 997 2      997 997 2      997  31 2        0                                     
221208 68  90  23U/F 68  68  15 997 2       13 997 2      997 997 2      997  51 2        0                                     
221211 68 100  23U/F 68  68  15 997 2       13 997 2      997 997 2      997 998 2        0                                     
221214 68  70  23U/F 68  68  14 997 2       12 997 2      997 997 2      997  47 2        0                                     
221217 45  80  23F/U 45  68  15 997 2       13 997 2      997 997 2      997  34 2        0                                     
221308 68 110  24  F 68   C  17 997 2       15 997 2      997 997 2      997 998 2        0                                     
221311 68  80  23U/F 68  68  15 997 2       13 997 2      997 997 2      997  43 2        0                                     
221314 68  70  23U/F 68  68  13 997 2       11 997 2      997 997 2      997 998 2        0                                     
221317360  80  23F/U360  68  10 997 2        8 997 2      997 997 2      997  27 2        0                                     
221408 68  20  22U/F 68  68   7 997 2        5 997 2      997 997 2      997 998 2        0                                     
221411 68  10  21U/F  C  68   5 997 2        4 997 2      997 997 2      997  41 2        0                                     
221414 23  20  22U/F 23  68   5 997 2        4 997 2      997 997 2      997 998 2        0                                     
221417 23  30  22  F 23   C   5 997 2        3 997 2      997 997 2      997  20 2        0                                     
221508270  20  21U/F  C  68   4 997 2        3 997 2      997 997 2      997 998 2        0                                     
221511 23  40  22U/F 23  68   6 997 2        4 997 2      997 997 2      997 998 2        0                                     
221514 23  20  21U/F  C   C   0 997 2        0 997 2      997 997 2      997   0 2        0                                     
221517135  50  23  F135   C   7 997 2        5 997 2      997 997 2      997  23 2        0                                     
221608135  30  23  F135   C   7 997 2        5 997 2      997 997 2      997  25 2        0                                     
221611135  30  21U/F  C   C   0 997 2        0 997 2      997 997 2      997   0 2        0                                     
221614113  30  21U/F  C   C   0 997 2        0 997 2      997 997 2      997   0 2        0                                     
221617113  30  23  F113   C   6 997 2        4 997 2      997 997 2      997 998 2        0                                     
221708 68  90  23  F 68   C  15 997 2       13 997 2      997 997 2      997  35 2        0                                     
221711 68  80  23  F 68   C  14 997 2       12 997 2      997 997 2      997 998 2        0                                     
221714 68  80  23  F 68   C  10 997 2        8 997 2      997 997 2      997  27 2        0                                     
221717 68  80  23  F 68   C  12 997 2       10 997 2      997 997 2      997 998 2        0                                     
221808 68 100  24  F 68   C  15 997 2       13 997 2      997 997 2      997  34 2        0                                     
221811 68  80  23F/U 68  90  13 997 2       11 997 2      997 997 2      997  32 2        0                                     
221814 68  70  23U/F 68  90  12 997 2       10 997 2      997 997 2      997  42 2        0                                     
221817 45  80  23U/F 68  90  15 997 2       13 997 2      997 997 2      997 998 2        0                                     
221908 45  40  23U/F 45  90   8 997 2        6 997 2      997 997 2      997  37 2        0                                     
221911 45  40  23U/F 45  90   8 997 2        6 997 2      997 997 2      997 998 2        0                                     
221914 45  50  23U/F 45  90   9 997 2        7 997 2      997 997 2      997  38 2        0                                     
221917 45  40  23U/F 45  90   8 997 2        6 997 2      997 997 2      997  39 2        0                                     
222008  C   0  21U/F  C  68   4 997 2        3 997 2      997 997 2      997  43 2        0                                     
222011 45  20  21U/F 45  68   4 997 2        3 997 2      997 997 2      997  42 2        0                                     
222014 45  30  21U/F  C   C   0 997 2        0 997 2      997 997 2      997   0 2        0                                     
222017113  50  22U/F113  68   4 997 2        3 997 2      997 997 2      997  39 2        0                                     
222108 90  80  23F/U 90  90  12 997 2       10 997 2      997 997 2      997  31 2        0                                     
222111 90  70  23U/F 90  90  13 997 2       11 997 2      997 997 2      997  43 2        0                                     
222114 90  80  23U/F 90  90  14 997 2       12 997 2      997 997 2      997 998 2        0                                     
222117113  60  23U/F113  90  10 997 2        8 997 2      997 997 2      997  38 2        0                                     
222208113  40  22U/F113  68   6 997 2        4 997 2      997 997 2      997 998 2        0                                     
222211998 998  2++++998 998 998 997 2      998 997 2      997 997 2      997 998 2        0                                     
222214113  40  22U/F113  68   7 997 2        5 997 2      997 997 2      997  45 2        0                                     
222217 90  60  22U/F 90  68   6 997 2        4 997 2      997 997 2      997  52 2        0                                     
222308135  60  23U/F135  90  10 997 2        8 997 2      997 997 2      997  51 2        0                                     
222311135  60  23U/F135  90   6 997 2        5 997 2      997 997 2      997  45 2        0                                     
222314135  60  23U/F135  90  11 997 2        9 997 2      997 997 2      997 998 2        0                                     
222317158  90  23F/U158  90  12 997 2       10 997 2      997 997 2      997 998 2        0                                     
222408158  60  22U/F158 113  10 997 2        8 997 2      997 997 2      997  47 2        0                                     
222411158  50  22U/F158 113  10 997 2        8 997 2      997 997 2      997 998 2        0                                     
222414158  70  23U/F158 113  11 997 2        9 997 2      997 997 2      997  47 2        0                                     
222417135  90  23U/F135 113   9 997 2        7 997 2      997 997 2      997  43 2        0                                     
222508135  40  22U/F135 113   6 997 2        4 997 2      997 997 2      997 998 2        0                                     
222511 90  70  23  F 90   C   6 997 2        4 997 2      997 997 2      997  26 2        0                                     
222514 90  80  23  F 90   C   8 997 2        6 997 2      997 997 2      997  29 2        0                                     
222517 90 100  24  F 90   C  12 997 2       10 997 2      997 997 2      997 998 2        0                                     
222608 68  70  23U/F 68  90  11 997 2        9 997 2      997 997 2      997 998 2        0                                     
222611 45 100  23U/F 45  90   8 997 2        6 997 2      997 997 2      997  42 2        0                                     
222614 68  80  23U/F 68  90   7 997 2        5 997 2      997 997 2      997  40 2        0                                     
222617 45  60  22  F 45   C   6 997 2        4 997 2      997 997 2      997  25 2        0                                     
222708338  70  23  F338   C   7 997 2        5 997 2      997 997 2      997  26 2        0                                     
222711315  60  22U/F315  90  14 997 2       12 997 2      997 997 2      997 998 2        0                                     
222714338  50  22U/F338  90  18 997 2       16 997 2      997 997 2      997 998 2        0                                     
222717 23  70  23U/F 23  90  14 997 2       12 997 2      997 997 2      997  55 2        0                                     
222808 45  50  22U/F 45  90  12 997 2       10 997 2      997 997 2      997 998 2        0                                     
222811 68  60  22U/F 68  90  11 997 2        9 997 2      997 997 2      997  47 2        0                                     
222814 68  90  23U/F 68  90  13 997 2       11 997 2      997 997 2      997 998 2        0                                     
222817 68  70  23F/U 68  90  10 997 2        8 997 2      997 997 2      997  37 2        0                                     
222908135  80  23U/F135 113  13 997 2       11 997 2      997 997 2      997 998 2        0                                     
222911135  70  22U/F135 113   9 997 2        7 997 2      997 997 2      997  42 2        0                                     
222914135  60  22U/F135 113  11 997 2        9 997 2      997 997 2      997 998 2        0                                     
222917158  50  22U/F158 113   7 997 2        5 997 2      997 997 2      997  41 2        0                                     
223008180  60  22U/F180 113   7 997 2        5 997 2      997 997 2      997  50 2        0                                     
223011180  80  23U/F180 113   8 997 2        6 997 2      997 997 2      997 998 2        0                                     
223014180  70  23U/F180 113   8 997 2        6 997 2      997 997 2      997 998 2        0                                     
223017158  70  23U/F158 113   7 997 2        5 997 2      997 997 2      997  42 2        0                                     
223108158 100  24F/U158 135  11 997 2        9 997 2      997 997 2      997  30 2        0                                     
223111158  90  24F/U158 135  11 997 2        9 997 2      997 997 2      997 998 2        0                                     
223114158  90  24F/U158 135  10 997 2        8 997 2      997 997 2      997  31 2        0                                     
213117158 120  24F/U158 135  12 997 2       10 997 2      997 997 2      997  31 2        0                                     
