12 0004                31020N122060E200002        0   0  0359  01101 851                                                        
220108315 100  24F/U315  45  12 997 2       10 997 2      997 997 2      997  28 2        0                                     
220111315  90  24U/F315  45  12 997 2       10 997 2      997 997 2      997  33 2        0                                     
220114315  80  24U/F315  45   9 997 2        7 997 2      997 997 2      997  33 2        0                                     
220117338  80  24U/F338  45  10 997 2        8 997 2      997 997 2      997  35 2        0                                     
220208338  70  24F/U338  45   9 997 2        7 997 2      997 997 2      997 998 2        0                                     
220211360  70  24U/F360  45  11 997 2        9 997 2      997 997 2      997 998 2        0                                     
220214360  60  23U/F360  45  10 997 2        8 997 2      997 997 2      997 998 2        0                                     
220217 23  50  22U/F 23  45   8 997 2        6 997 2      997 997 2      997  35 2        0                                     
220308360  90  24F/U360  45  12 997 2       10 997 2      997 997 2      997 998 2        0                                     
220311338  90  24F/U338  45  12 997 2       10 997 2      997 997 2      997 998 2        0                                     
220314338  90  24U/F338  45  13 997 2       11 997 2      997 997 2      997  42 2        0                                     
220317315  80  24U/F315  45  11 997 2        9 997 2      997 997 2      997 998 2        0                                     
220408360  60  23U/F360  45   7 997 2        5 997 2      997 997 2      997 998 2        0                                     
220411 45  60  23U/F 45  45   8 997 2        6 997 2      997 997 2      997 998 2        0                                     
220414 23  50  22U/F 23  45   7 997 2        5 997 2      997 997 2      997  35 2        0                                     
220417 23  60  23U/F 23  45   8 997 2        6 997 2      997 997 2      997  34 2        0                                     
220508 68  50  22U/F 68  45   8 997 2        6 997 2      997 997 2      997 998 2        0                                     
220511  C   0  21U/F  C  45   6 997 2        4 997 2      997 997 2      997  34 2        0                                     
220514270  90  24F/U270  45  10 997 2        8 997 2      997 997 2      997  28 2        0                                     
220517270  90  24F/U270  45  10 997 2        8 997 2      997 997 2      997  27 2        0                                     
220608315  80  23  F315   C   9 997 2        7 997 2      997 997 2      997  25 2        0                                     
220611315  80  23  F315   C  10 997 2        8 997 2      997 997 2      997 998 2        0                                     
220614293  90  23F/U293  45  12 997 2       10 997 2      997 997 2      997 998 2        0                                     
220617293  60  22F/U293  45   7 997 2        5 997 2      997 997 2      997 998 2        0                                     
220708315  60  22  F315   C   7 997 2        5 997 2      997 997 2      997  24 2        0                                     
220711248  30  22U/F248 113   6 997 2        4 997 2      997 997 2      997  35 2        0                                     
220714225  50  22U/F225 113   7 997 2        5 997 2      997 997 2      997 998 2        0                                     
220717315 160  24  F315   C  18 997 2       16 997 2      997 997 2      997 998 2        0                                     
220808315  70  22  F315   C   7 997 2        5 997 2      997 997 2      997 998 2        0                                     
220811315 100  23  F315   C  13 997 2       10 997 2      997 997 2      997 998 2        0                                     
220814315 120  23  F315   C  15 997 2       13 997 2      997 997 2      997 998 2        0                                     
220817360 130  23  F360   C  15 997 2       13 997 2      997 997 2      997 998 2        0                                     
220908 23  50  22U/F 23  90   7 997 2        5 997 2      997 997 2      997 998 2        0                                     
220911 23  40  22U/F 23  90  10 997 2        8 997 2      997 997 2      997 998 2        0                                     
220914 23  20  22U/F 23  90   9 997 2        7 997 2      997 997 2      997  55 2        0                                     
220917 68  10  21U/F  C   C   0 997 2        0 997 2      997 997 2      997   0 2        0                                     
221008 90  50  22U/F 90 113   9 997 2        7 997 2      997 997 2      997  43 2        0                                     
221011158  30  22U/F158 113   8 997 2        6 997 2      997 997 2      997 998 2        0                                     
221014135  30  22U/F135 113   7 997 2        5 997 2      997 997 2      997  43 2        0                                     
221017180  30  22U/F180 113   7 997 2        5 997 2      997 997 2      997 998 2        0                                     
221108338  60  22  F338   C   7 997 2        5 997 2      997 997 2      997  24 2        0                                     
221111338  30  22  F338   C   5 997 2        3 997 2      997 997 2      997  25 2        0                                     
221114360  50  22  F360   C   6 997 2        4 997 2      997 997 2      997  23 2        0                                     
221117360  50  22  F360   C   7 997 2        5 997 2      997 997 2      997  27 2        0                                     
221208 23  50  22F/U 23  68   6 997 2        4 997 2      997 997 2      997  24 2        0                                     
221211 23  40  22U/F 23  68   7 997 2        5 997 2      997 997 2      997  38 2        0                                     
221214 45  50  22U/F 45  68   7 997 2        5 997 2      997 997 2      997  38 2        0                                     
221217 45  50  22U/F 45  68   8 997 2        6 997 2      997 997 2      997 998 2        0                                     
221308 90  60  22F/U 90  90   8 997 2        6 997 2      997 997 2      997  26 2        0                                     
221311113  30  22U/F113  90   5 997 2        3 997 2      997 997 2      997  33 2        0                                     
221314113  50  22U/F113  90   9 997 2        7 997 2      997 997 2      997 998 2        0                                     
221317113  60  22U/F113  90   9 997 2        7 997 2      997 997 2      997  49 2        0                                     
221408315  70  23F/U315  90  11 997 2        9 997 2      997 997 2      997 998 2        0                                     
221411315  70  23F/U315  90  10 997 2        8 997 2      997 997 2      997  28 2        0                                     
221414315 120  24  F315   C  15 997 2       12 997 2      997 997 2      997 998 2        0                                     
221417315 110  24  F315   C  15 997 2       12 997 2      997 997 2      997  29 2        0                                     
221508338  70  23U/F338  68  10 997 2        8 997 2      997 997 2      997 998 2        0                                     
221511338  60  23U/F338  68   9 997 2        7 997 2      997 997 2      997  42 2        0                                     
221514338  60  23F/U338  68   9 997 2        7 997 2      997 997 2      997  20 2        0                                     
221517338  70  23F/U338  68  11 997 2        8 997 2      997 997 2      997 998 2        0                                     
221608360  30  22U/F  C  68   7 997 2        5 997 2      997 997 2      997  52 2        0                                     
221611360  40  22U/F360  68   8 997 2        6 997 2      997 997 2      997  40 2        0                                     
221614360  40  22U/F360  68   7 997 2        5 997 2      997 997 2      997  37 2        0                                     
221617 23  50  22U/F 23  68   8 997 2        6 997 2      997 997 2      997 998 2        0                                     
221708 45  20  22U/F 45  68   6 997 2        4 997 2      997 997 2      997  37 2        0                                     
221711135  40  22U/F135  68   7 997 2        5 997 2      997 997 2      997  41 2        0                                     
221714113  30  22U/F113  68   6 997 2        4 997 2      997 997 2      997 998 2        0                                     
221717 90  40  22U/F 90  68   7 997 2        5 997 2      997 997 2      997  34 2        0                                     
221808113  80  23F/U113 135   9 997 2        7 997 2      997 997 2      997 998 2        0                                     
221811113  90  23F/U113 135  11 997 2        9 997 2      997 997 2      997 998 2        0                                     
221814113  90  23  F113   C  11 997 2        9 997 2      997 997 2      997  28 2        0                                     
221817 68  90  23  F 68   C  11 997 2        9 997 2      997 997 2      997  27 2        0                                     
221908360  70  23U/F360  68  10 997 2        8 997 2      997 997 2      997  33 2        0                                     
221911360  80  23U/F360  68  11 997 2        9 997 2      997 997 2      997  34 2        0                                     
221914 23  60  23U/F 23  68   9 997 2        7 997 2      997 997 2      997  32 2        0                                     
221917360  90  23F/U360  68  10 997 2        8 997 2      997 997 2      997  27 2        0                                     
222008338  90  24U/F338  68  15 997 2       13 997 2      997 997 2      997  45 2        0                                     
222011338  70  23  F338   C  10 997 2        8 997 2      997 997 2      997  28 2        0                                     
222014315  80  23  F315   C  10 997 2        8 997 2      997 997 2      997  29 2        0                                     
222017360  90  23  F360   C   9 997 2        7 997 2      997 997 2      997  23 2        0                                     
222108360  80  23F/U360  68  10 997 2        8 997 2      997 997 2      997  30 2        0                                     
222111360  70  23U/F360  68  10 997 2        8 997 2      997 997 2      997  32 2        0                                     
222114360  60  23U/F360  68  11 997 2        9 997 2      997 997 2      997 998 2        0                                     
222117360  50  22  F360   C   7 997 2        5 997 2      997 997 2      997  28 2        0                                     
222208 23  60  23U/F 23  68   9 997 2        7 997 2      997 997 2      997  43 2        0                                     
222211 23  70  22U/F 23  68   9 997 2        7 997 2      997 997 2      997 998 2        0                                     
222214 45  80  23U/F 45  68  10 997 2        8 997 2      997 997 2      997  37 2        0                                     
222217 68  30  22U/F 68  68   7 997 2        5 997 2      997 997 2      997  40 2        0                                     
222308360  50  22U/F360  68   7 997 2        5 997 2      997 997 2      997  41 2        0                                     
222311 23  50  22U/F 23  68   8 997 2        6 997 2      997 997 2      997 998 2        0                                     
222314 23  60  23U/F 23  68   8 997 2        6 997 2      997 997 2      997  36 2        0                                     
222317 23  60  23U/F 23  68   9 997 2        7 997 2      997 997 2      997 998 2        0                                     
222408 23 100  23F/U 23  68  13 997 2       11 997 2      997 997 2      997  32 2        0                                     
222411 23 120  24F/U 23  23  15 997 2       13 997 2      997 997 2      997  32 2        0                                     
222414 23 120  22  F 23   C  15 997 2       13 997 2      997 997 2      997  27 2        0                                     
222417 23 100  24  F 23   C  13 997 2       11 997 2      997 997 2      997  27 2        0                                     
222508360  60  23  F360   C   7 997 2        5 997 2      997 997 2      997  28 2        0                                     
222511360  70  23U/F360  68  10 997 2        8 997 2      997 997 2      997  41 2        0                                     
222514360  40  22U/F360  68   7 997 2        5 997 2      997 997 2      997  36 2        0                                     
222517360  30  22U/F  C  90   6 997 2        4 997 2      997 997 2      997  37 2        0                                     
222608293 110  24  F293   C  13 997 2       11 997 2      997 997 2      997  23 2        0                                     
222611293 100  22  F293   C  11 997 2        9 997 2      997 997 2      997  24 2        0                                     
222614293  80  23  F293   C  11 997 2        9 997 2      997 997 2      997  28 2        0                                     
222617360  70  23U/F360  45  10 997 2        8 997 2      997 997 2      997 998 2        0                                     
222708180  30  21U/F  C   C   0 997 2        0 997 2      997 997 2      997   0 2        0                                     
222711180  30  21U/F  C   C   0 997 2        0 997 2      997 997 2      997   0 2        0                                     
222714180  40  22  F180   C   4 997 2        3 997 2      997 997 2      997  28 2        0                                     
222717180  40  22  F180   C   4 997 2        3 997 2      997 997 2      997  27 2        0                                     
222808135  30  21U/F  C   C   0 997 2        0 997 2      997 997 2      997   0 2        0                                     
222811360  20  21U/F  C   C   0 997 2        0 997 2      997 997 2      997   0 2        0                                     
222814360  40  22  F360   C   4 997 2        3 997 2      997 997 2      997 998 2        0                                     
222817 23 130  24F/U 23  23  16 997 2       14 997 2      997 997 2      997  30 2        0                                     
222908 23  80  23U/F 23  23  12 997 2       10 997 2      997 997 2      997  41 2        0                                     
222911360  60  23U/F360  23  12 997 2       10 997 2      997 997 2      997  42 2        0                                     
222914 23  70  23U/F 23  23  13 997 2       11 997 2      997 997 2      997  48 2        0                                     
212917 23  70  23U/F 23  23  10 997 2        8 997 2      997 997 2      997 998 2        0                                     
