12 0004                31020N122060E200005                                                                                      
220108203  30  22  F203   C   5 997 2        3 997 2      997 997 2      997  19 2        0                                     
220111180  50  22U/F180  68   5 997 2        4 997 2      997 997 2      997 998 2        0                                     
220114180  50  23F/U180  68   7 997 2        5 997 2      997 997 2      997  24 2        0                                     
220117180  40  22F/U180  68   6 997 2        4 997 2      997 997 2      997 998 2        0                                     
220208 23  20  21U/F  C   C   0 997 2        0 997 2      997 997 2      997   0 2        0                                     
220211 23 100  23  F 23   C  11 997 2        9 997 2      997 997 2      997 998 2        0                                     
220214 68 100  24  F 68   C  15 997 2       13 997 2      997 997 2      997 998 2        0                                     
220217 68  70  23  F 68   C  14 997 2       12 997 2      997 997 2      997 998 2        0                                     
220308135  60  23  F135   C   7 997 2        5 997 2      997 997 2      997 998 2        0                                     
220311135  60  23F/U135  68   7 997 2        5 997 2      997 997 2      997  24 2        0                                     
220314158  80  23F/U158  68   9 997 2        7 997 2      997 997 2      997 998 2        0                                     
220317158  60  23  F158   C  13 997 2       11 997 2      997 997 2      997  33 2        0                                     
220408158  80  23U/F158 113  13 997 2       11 997 2      997 997 2      997 998 2        0                                     
220411158  70  23F/U158 113  13 997 2       11 997 2      997 997 2      997  32 2        0                                     
220414158  70  23U/F158 113  13 997 2       11 997 2      997 997 2      997  39 2        0                                     
220417158  70  23F/U158 113  11 997 2        9 997 2      997 997 2      997 998 2        0                                     
220508158 100  24  F158   C  15 997 2       13 997 2      997 997 2      997 998 2        0                                     
220511158  70  23  F158   C  13 997 2       11 997 2      997 997 2      997  28 2        0                                     
220514158 100  24  F158   C  13 997 2       11 997 2      997 997 2      997  35 2        0                                     
220517158  90  24  F158   C  12 997 2       10 997 2      997 997 2      997  38 2        0                                     
220608 23  30  21U/F  C 113   9 997 2        7 997 2      997 997 2      997  44 2        0                                     
220611338  80  23  F338   C  11 997 2        9 997 2      997 997 2      997 998 2        0                                     
220614360 120  24  F360   C  16 997 2       14 997 2      997 997 2      997 998 2        0                                     
220617 23 120  24  F 23   C  15 997 2       13 997 2      997 997 2      997  30 2        0                                     
220708 23  60  23  F 23   C   9 997 2        7 997 2      997 997 2      997 998 2        0                                     
220711 23  50  22U/F 23  68  10 997 2        8 997 2      997 997 2      997  38 2        0                                     
220714 45  40  22U/F 45  68  11 997 2        9 997 2      997 997 2      997  42 2        0                                     
220717 45  40  22  F 45   C   6 997 2        4 997 2      997 997 2      997  29 2        0                                     
220808113  60  22  F113   C   8 997 2        6 997 2      997 997 2      997  31 2        0                                     
220811158  50  22  F158   C   7 997 2        5 997 2      997 997 2      997 998 2        0                                     
220814135  80  22  F135   C   8 997 2        6 997 2      997 997 2      997  20 2        0                                     
220817135  50  22  F135   C   8 997 2        6 997 2      997 997 2      997 998 2        0                                     
220908158  80  23  F158   C  10 997 2        8 997 2      997 997 2      997  30 2        0                                     
220911158 100  24F/U158 113  13 997 2       11 997 2      997 997 2      997 998 2        0                                     
220914135 130  24  F135   C  14 997 2       12 997 2      997 997 2      997  31 2        0                                     
220917158 130  25  F158   C  16 997 2       14 997 2      997 997 2      997 998 2        0                                     
221008315  80  23  F315   C   9 997 2        7 997 2      997 997 2      997  26 2        0                                     
221011338  40  22U/F338 113  12 997 2       10 997 2      997 997 2      997  47 2        0                                     
221014 23  30  21U/F  C 113   9 997 2        7 997 2      997 997 2      997 998 2        0                                     
221017113  50  22U/F113 113   8 997 2        6 997 2      997 997 2      997 998 2        0                                     
221108180  40  22U/F180 113   7 997 2        5 997 2      997 997 2      997 998 2        0                                     
221111203  30  21U/F  C 113   7 997 2        5 997 2      997 997 2      997  46 2        0                                     
221114180  50  22U/F180 113   7 997 2        5 997 2      997 997 2      997 998 2        0                                     
221117180  20  21U/F  C 113   8 997 2        6 997 2      997 997 2      997  40 2        0                                     
221208158 110  24F/U158 113  12 997 2       10 997 2      997 997 2      997  31 2        0                                     
221211180  80  23F/U180 113  10 997 2        8 997 2      997 997 2      997 998 2        0                                     
221214203  60  23F/U203 113   9 997 2        7 997 2      997 997 2      997 998 2        0                                     
221217203  60  22F/U203 113   8 997 2        6 997 2      997 997 2      997  29 2        0                                     
221308315  70  23U/F315 113  13 997 2       11 997 2      997 997 2      997 998 2        0                                     
221311338  80  23F/U338 113  10 997 2        8 997 2      997 997 2      997 998 2        0                                     
221314 23  90  23  F 23   C  10 997 2        8 997 2      997 997 2      997  26 2        0                                     
221317360 110  24  F360   C  12 997 2       10 997 2      997 997 2      997  26 2        0                                     
221408 90  60  22  F 90   C   8 997 2        6 997 2      997 997 2      997  26 2        0                                     
221411113  70  23F/U113 113  10 997 2        8 997 2      997 997 2      997 998 2        0                                     
221414135 100  24F/U135 113  13 997 2       11 997 2      997 997 2      997 998 2        0                                     
221417135 110  24F/U135 113  15 997 2       13 997 2      997 997 2      997  38 2        0                                     
221508158  50  22  F158   C   8 997 2        6 997 2      997 997 2      997 998 2        0                                     
221511293  20  21U/F  C 113   8 997 2        6 997 2      997 997 2      997 998 2        0                                     
221514  C   0  21U/F  C   C   0 997 2        0 997 2      997 997 2      997   0 2        0                                     
221517 45  50  22U/F 45 113  10 997 2        8 997 2      997 997 2      997 998 2        0                                     
221608360  70  23F/U360 113  10 997 2        8 997 2      997 997 2      997 998 2        0                                     
221611360  80  23  F360   C  11 997 2        9 997 2      997 997 2      997 998 2        0                                     
221614360  90  23  F360   C  11 997 2        9 997 2      997 997 2      997  29 2        0                                     
221617338  70  23  F338   C   9 997 2        7 997 2      997 997 2      997  25 2        0                                     
221708360  60  23  F360   C   8 997 2        6 997 2      997 997 2      997 998 2        0                                     
221711360  60  23  F360   C   8 997 2        6 997 2      997 997 2      997 998 2        0                                     
221714360  40  22U/F360  68   7 997 2        5 997 2      997 997 2      997  37 2        0                                     
221717 68  20  22U/F360  68   6 997 2        4 997 2      997 997 2      997  43 2        0                                     
221808113  40  22U/F113  90   7 997 2        5 997 2      997 997 2      997  36 2        0                                     
221811135  60  23F/U135  90   8 997 2        6 997 2      997 997 2      997  30 2        0                                     
221814113  50  22U/F113 113   8 997 2        6 997 2      997 997 2      997  32 2        0                                     
221817180  90  23  F180   C  11 997 2        9 997 2      997 997 2      997  29 2        0                                     
221908248  60  23F/U248  68   9 997 2        7 997 2      997 997 2      997  35 2        0                                     
221911203  30  22U/F248  68   6 997 2        4 997 2      997 997 2      997  34 2        0                                     
221914203  70  23  F203   C   8 997 2        6 997 2      997 997 2      997  24 2        0                                     
221917203  70  23  F203   C   8 997 2        6 997 2      997 997 2      997 998 2        0                                     
222008270  30  22U/F203  90   6 997 2        4 997 2      997 997 2      997 998 2        0                                     
222011 45  40  22U/F203  90   6 997 2        4 997 2      997 997 2      997  40 2        0                                     
222014360  40  22U/F203  68   7 997 2        5 997 2      997 997 2      997  43 2        0                                     
222017 68  50  23F/U 68  68   7 997 2        5 997 2      997 997 2      997  27 2        0                                     
222108113  60  23F/U113 113   8 997 2        6 997 2      997 997 2      997  27 2        0                                     
222111158  70  23  F158   C   9 997 2        7 997 2      997 997 2      997  25 2        0                                     
222114135  80  23  F135   C  10 997 2        8 997 2      997 997 2      997  27 2        0                                     
222117158  80  23  F158   C  10 997 2        8 997 2      997 997 2      997 998 2        0                                     
222208158  70  23F/U158 113   9 997 2        7 997 2      997 997 2      997  31 2        0                                     
222211158  80  23F/U158 113  10 997 2        8 997 2      997 997 2      997 998 2        0                                     
222214135  70  23  F135   C   9 997 2        7 997 2      997 997 2      997  30 2        0                                     
222217135  90  23  F135   C  11 997 2        9 997 2      997 997 2      997 998 2        0                                     
222308158 100  23  F158   C  12 997 2       10 997 2      997 997 2      997  28 2        0                                     
222311135 100  23  F135   C  13 997 2       11 997 2      997 997 2      997  29 2        0                                     
222314135  90  23  F135   C  11 997 2        9 997 2      997 997 2      997  29 2        0                                     
222317158  90  23F/U158 113  12 997 2       10 997 2      997 997 2      997  31 2        0                                     
222408180  60  23  F180   C   8 997 2        6 997 2      997 997 2      997 998 2        0                                     
222411158  60  23U/F158 113  10 997 2        8 997 2      997 997 2      997  46 2        0                                     
222414135  70  23U/F135 113  10 997 2        8 997 2      997 997 2      997  37 2        0                                     
222417135  70  23U/F135 113  10 997 2        8 997 2      997 997 2      997  36 2        0                                     
222508158  90  23  F158   C  12 997 2       10 997 2      997 997 2      997  30 2        0                                     
222511135  90  23F/U135 113  13 997 2       11 997 2      997 997 2      997 998 2        0                                     
222514135 100  23F/U135 113  14 997 2       12 997 2      997 997 2      997 998 2        0                                     
222517113  80  23F/U113 113  11 997 2        9 997 2      997 997 2      997  32 2        0                                     
222608135  80  23  F135   C  10 997 2        8 997 2      997 997 2      997  28 2        0                                     
222611180 120  23  F180   C  13 997 2       11 997 2      997 997 2      997  28 2        0                                     
222614180  60  23  F180   C   8 997 2        6 997 2      997 997 2      997  29 2        0                                     
222617203  30  22U/F180  90   6 997 2        4 997 2      997 997 2      997 998 2        0                                     
222708270 110  24  F270   C  15 997 2       13 997 2      997 997 2      997 998 2        0                                     
222711315 130  23  F315   C  13 997 2       11 997 2      997 997 2      997 998 2        0                                     
222714315  80  23  F315   C  14 997 2       12 997 2      997 997 2      997 998 2        0                                     
222717315  70  23  F315   C  13 997 2       11 997 2      997 997 2      997  29 2        0                                     
222808  C   0  21U/F  C   C   0 997 2        0 997 2      997 997 2      997   0 2        0                                     
222811 68  40  22U/F 68  68   6 997 2        4 997 2      997 997 2      997  39 2        0                                     
222814 45  80  23  F 45   C   9 997 2        7 997 2      997 997 2      997  27 2        0                                     
222817 45  70  23  F 45   C   8 997 2        6 997 2      997 997 2      997 998 2        0                                     
222908113  50  22U/F113  68   5 997 2        3 997 2      997 997 2      997 998 2        0                                     
222911158  50  23F/U158  68   7 997 2        5 997 2      997 997 2      997  24 2        0                                     
222914135  40  23  F135   C   7 997 2        5 997 2      997 997 2      997  24 2        0                                     
222917135  50  23  F135   C   8 997 2        6 997 2      997 997 2      997 998 2        0                                     
223008180  90  23  F180   C  14 997 2       12 997 2      997 997 2      997  32 2        0                                     
223011180  80  23  F180   C  13 997 2       11 997 2      997 997 2      997 998 2        0                                     
223014248  30  21U/F  C 113   4 997 2        3 997 2      997 997 2      997  36 2        0                                     
223017158  30  21U/F  C 113   8 997 2        6 997 2      997 997 2      997 998 2        0                                     
223108338  20  21U/F  C   C   0 997 2        0 997 2      997 997 2      997   0 2        0                                     
223111315  20  21U/F  C   C   0 997 2        0 997 2      997 997 2      997   0 2        0                                     
223114225  40  21U/F  C   C   0 997 2        0 997 2      997 997 2      997   0 2        0                                     
213117180  30  21U/F  C  90   5 997 2        4 997 2      997 997 2      997  37 2        0                                     
