12 0004                31020N122060E200103        0   0  0180  0  011272                                                        
220108293  70  23f  293   C   9 997 2        7 997 2      997 997 2      997 998 2      997***                                  
220111248  50  22f  248   C   8 997 2        6 997 2      997 997 2      997 998 2      997***                                  
220114225  60  23f  225   C   8 997 2        6 977 2      997 997 2      997  25 2      997***                                  
220117293  70  22f  293   C   8 997 2        6 997 2      997 997 2      997  23 2      997***                                  
220208  C   0  21u/f  C  68   7 997 2        5 997 2      997 997 2      997  52 2      997***                                  
220211135  30  22u/f135  68   6 997 2        4 997 2      997 997 2      997 998 2      997***                                  
220214135  20  21u/f  C  68   7 997 2        5 997 2      997 997 2      997  53 2      997***                                  
220217158  50  22f  158   C   6 997 2        4 997 2      997 997 2      997 998 2      997***                                  
220308225  70  23f  225   C   8 997 2        6 997 2      997 997 2      997  28 2      997***                                  
220311248  80  23f  248   C   8 997 2        6 997 2      997 997 2      997 998 2      997***                                  
220314270  70  22f  270   C   6 997 2        5 997 2      997 997 2      997 998 2      997***                                  
220317315 130  24f  315   C  16 997 2       14 997 2      997 997 2      997 998 2      997***                                  
220408293 120  24f  293   C  16 997 2       14 997 2      997 997 2      997  31 2      997***                                  
220411293 100  24f  293   C  14 997 2       12 997 2      997 997 2      997 998 2      997***                                  
220414315 140  24f  315   C  18 997 2       16 997 2      997 997 2      997 998 2      997***                                  
220417338 100  24f  338   C  14 997 2       12 997 2      997 997 2      997  31 2      997***                                  
220508158  70  23u/f158  68   9 997 2        7 997 2      997 997 2      997  51 2      997***                                  
220511158  70  23f/u158  68   9 997 2        8 997 2      997 997 2      997 998 2      997***                                  
220514135  60  23f/u135  68   8 997 2        6 997 2      997 997 2      997  29 2      997***                                  
220517135  60  23f/u135  68   9 997 2        7 997 2      997 997 2      997 998 2      997***                                  
220608158  20  21u/f  C  68   6 997 2        4 997 2      997 997 2      997  43 2      997***                                  
220611  C   0  21u/f  C  68   4 997 2        3 997 2      997 997 2      997  47 2      997***                                  
220614360  40  22u/f360  68   6 997 2        4 997 2      997 997 2      997  48 2      997***                                  
220617360 100  23f/u360  68  11 997 2        9 997 2      997 997 2      997  27 2      997***                                  
220708338 110  24f  338   C  14 997 2       12 997 2      997 997 2      997 998 2      997***                                  
220711338 110  24f  338   C  14 997 2       12 997 2      997 997 2      997 998 2      997***                                  
220714338 120  24f/u338  68  16 997 2       14 997 2      997 997 2      997 998 2      997***                                  
220717338 120  24f/u338  68  16 997 2       14 997 2      997 997 2      997  30 2      997***                                  
220808315 110  24f  315   C  16 997 2       14 997 2      997 997 2      997 998 2      997***                                  
220811315 120  24f  315   C  17 997 2       15 997 2      997 997 2      997 998 2      997***                                  
220814338 110  24f/u338  45  15 997 2       13 997 2      997 997 2      997  32 2      997***                                  
220817315 150  25f/u315  45  19 997 2       17 997 2      997 997 2      997  34 2      997***                                  
220908360  60  22u/f360  45  12 997 2       10 997 2      997 997 2      997 998 2      997***                                  
220911225  10  21u/f  C  45  10 997 2        8 997 2      997 997 2      997 998 2      997***                                  
220914180  30  21u/f  C  45  11 997 2        9 997 2      997 997 2      997  60 2      997***                                  
220917180  70  22f  180   C   9 997 2        7 997 2      997 997 2      997 998 2      997***                                  
221008248  10  21u/f  C   C   0 997 2        0 997 2      997 997 2      997   0 2      997***                                  
221011203  30  21u/f  C   C   0 997 2        0 997 2      997 997 2      997   0 2      997***                                  
221014203  20  21u/f  C   C   0 997 2        0 997 2      997 997 2      997   0 2      997***                                  
221017 90  10  21u/f  C   C   0 997 2        0 997 2      997 997 2      997   0 2      997***                                  
221108 45  70  23u/f 45  45  11 997 2        9 997 2      997 997 2      997 998 2      997***                                  
221111 68  40  22f   68   C   7 997 2        5 997 2      997 997 2      997 998 2      997***                                  
221114 68  20  22u/f 68  68  10 997 2        8 997 2      997 997 2      997  39 2      997***                                  
221117 23  30  22u/f 23  68  14 997 2       12 997 2      990 997 2      997  40 2      997***                                  
221208338  70  23f  338   C   9 997 2        7 997 2      997 997 2      997  26 2      997***                                  
221211360  80  23f  360   C  10 997 2        8 997 2      997 997 2      997 998 2      997***                                  
221214360  50  23f  360   C   9 997 2        7 997 2      997 997 2      997  29 2      997***                                  
221217360  30  22f  360   C   6 997 2        5 997 2      997 997 2      997  25 2      997***                                  
221308158  60  23f  158   C  12 997 2       10 997 2      997 997 2      997  30 2      997***                                  
221311135 100  24f  135   C  14 997 2       12 997 2      997 997 2      997 998 2      997***                                  
221314135 110  24f  135   C  15 997 2       13 997 2      997 997 2      997  29 2      997***                                  
221317135 120  24f  135   C  17 997 2       15 997 2      997 997 2      997  32 2      997***                                  
221408180 100  24f  180   C  15 997 2       13 997 2      997 997 2      997  32 2      997***                                  
221411180  70  23f  180   C  14 997 2       12 997 2      997 997 2      997  31 2      997***                                  
221414180  60  22u/f180 113  12 997 2       10 997 2      997 997 2      997  36 2      997***                                  
221417180  60  22u/f180 113  11 997 2        9 997 2      997 997 2      997  33 2      997***                                  
221508 23 100  23f   23   C  14 997 2       12 997 2      997 997 2      997  35 2      997***                                  
221511 23  90  23f   23   C  15 997 2       13 997 2      997 997 2      997  34 2      997***                                  
221514 23 100  24f   23   C  17 997 2       15 997 2      997 997 2      997  33 2      997***                                  
221517 23  80  23f   23   C  16 997 2       14 997 2      997 997 2      997  35 2      997***                                  
221608 68 100  24u/f 68  68  18 997 2       16 997 2      997 997 2      997  42 2      997***                                  
221611 68  90  23u/f 68  68  18 997 2       16 997 2      997 997 2      997  42 2      997***                                  
221614 68  90  23u/f 68  68  18 997 2       15 997 2      997 997 2      997  41 2      997***                                  
221617 68  70  23u/f 68  68  18 997 2       16 997 2      997 997 2      997  42 2      997***                                  
221708315  70  22u/f315  68  16 997 2       14 997 2      997 997 2      997  50 2      997***                                  
221711315  80  23u/f315  68  16 997 2       14 997 2      997 997 2      997  43 2      997***                                  
221714315  90  23f/u315  68  15 997 2       13 997 2      997 997 2      997 998 2      997***                                  
221717315  90  24f/u315  68  16 997 2       14 997 2      997 997 2      997  33 2      997***                                  
221808270  50  22u/f270  68   9 997 2        7 997 2      997 997 2      997 998 2      997***                                  
221811248  60  22u/f270  68  10 997 2        8 997 2      997 997 2      997  46 2      997***                                  
221814225  30  22u/f225  68   6 997 2        5 997 2      997 997 2      997  49 2      997***                                  
221817180  50  22f/u180  68   6 997 2        5 997 2      997 997 2      997  26 2      997***                                  
221908158  30  21u/f  C  68   5 997 2        4 997 2      997 997 2      997  43 2      997***                                  
221911180  60  22u/f180  68   6 997 2        5 997 2      997 997 2      997  39 2      997***                                  
221914180  30  21u/f  C   C   0 997 2        0 997 2      997 997 2      997   0 2      997***                                  
221917180  60  22f  180   C   7 997 2        5 997 2      997 997 2      997 998 2      997***                                  
222008225  30  21u/f  C   C   0 997 2        0 997 2      997 997 2      997   0 2      997***                                  
222011225  70  22f  225   C   7 997 2        5 997 2      997 997 2      997  26 2      997***                                  
222014225 100  23f  225   C   9 997 2        7 997 2      997 997 2      997  26 2      997***                                  
222017225  70  22f  225   C   8 997 2        6 997 2      997 997 2      997  27 2      997***                                  
222108248  50  22f  248   C   6 997 2        5 997 2      997 997 2      997  24 2      997***                                  
222111248  80  22f  248   C   8 997 2        6 997 2      997 997 2      997  26 2      997***                                  
222114248  90  22f  248   C   8 997 2        6 997 2      997 997 2      997  23 2      997***                                  
222117248  70  22f  248   C   6 997 2        5 997 2      997 997 2      997  26 2      997***                                  
222208225  80  22f  225   C   8 997 2        6 997 2      997 997 2      997 998 2      997***                                  
222211225  60  22f  225   C   6 997 2        5 997 2      997 997 2      997 998 2      997***                                  
222214360  60  23f  360   C   8 997 2        6 997 2      997 997 2      997  21 2      997***                                  
222217 23 100  23f   23   C  13 997 2       11 997 2      997 997 2      997  31 2      997***                                  
222308 45  70  23f   45   C  11 997 2        9 997 2      997 997 2      997 998 2      997***                                  
222311 68  60  23u/f 68  45  12 997 2       10 997 2      997 997 2      997 998 2      997***                                  
222314 90  30  22u/f 90  45   8 997 2        6 997 2      997 997 2      997  42 2      997***                                  
222317 90  30  22u/f 90  45   8 997 2        6 997 2      997 997 2      997  44 2      997***                                  
222408 68  50  22f   68   C   7 997 2        5 997 2      997 997 2      997 998 2      997***                                  
222411 68  50  22u/f 68  68   7 997 2        5 997 2      997 997 2      997  40 2      997***                                  
222414 90  50  22u/f 90  68   7 997 2        5 997 2      997 997 2      997  41 2      997***                                  
222417 90  40  22u/f 90  68   6 997 2        4 997 2      997 997 2      997  41 2      997***                                  
222508360 100  23u/f360  68  13 997 2       11 997 2      997 997 2      997 998 2      997***                                  
222511360  60  23u/f360  68  11 997 2        9 997 2      997 997 2      997  38 2      997***                                  
222514293  30  21u/f293  68   9 997 2        7 997 2      997 997 2      997  45 2      997***                                  
222517338 110  24f  338   C  16 997 2       14 997 2      997 997 2      997  33 2      997***                                  
222608360  70  23u/f360  45  14 997 2       12 997 2      997 997 2      997 998 2      997***                                  
222611 68  60  23u/f 68  45  12 997 2       10 997 2      997 997 2      997  43 2      997***                                  
222614113  50  23u/f113  45  12 997 2       10 997 2      997 997 2      997  43 2      997***                                  
222617113  40  23f  113   C   7 997 2        5 997 2      997 997 2      997  25 2      997***                                  
222708113  90  23f  113   C  14 997 2       12 997 2      997 997 2      997 998 2      997***                                  
222711135  60  23u/f135  90  10 997 2        8 997 2      997 997 2      997  42 2      997***                                  
222714135  70  23u/f135  90  10 997 2        8 997 2      997 997 2      997  42 2      997***                                  
222717180  40  22u/f180  90   6 997 2        4 997 2      997 997 2      997  38 2      997***                                  
222808315 110  23f/u315  45  16 997 2       14 997 2      997 997 2      997 998 2      997***                                  
222811315  80  23f/u315  45  14 997 2       12 997 2      997 997 2      997 998 2      997***                                  
222814338 100  23f/u338  45  15 997 2       13 997 2      997 997 2      997 998 2      997***                                  
222817360 100  23f  360   C  15 997 2       13 997 2      997 997 2      997  32 2      997***                                  
222908315  60  23u/f315  45  12 997 2       10 997 2      997 997 2      997  49 2      997***                                  
222911293  40  22u/f293  45  10 997 2        8 997 2      997 997 2      997 998 2      997***                                  
222914180  70  23f/u180  45  10 997 2        8 997 2      997 997 2      997  27 2      997***                                  
222917180  80  23f  180   C  12 997 2       10 997 2      997 997 2      997  28 2      997***                                  
223008203  90  23f  203   C  15 997 2       13 997 2      997 997 2      997  33 2      997***                                  
223011203  80  23f  203   C  15 997 2       13 997 2      997 997 2      997 998 2      997***                                  
223014203  70  23f  203   C  12 997 2       10 997 2      997 997 2      997  27 2      997***                                  
223017180  50  22f  180   C   6 997 2        4 997 2      997 997 2      997  22 2      997***                                  
223108 23 100  23f   23   C  13 997 2       11 997 2      997 997 2      997  32 2      997***                                  
223111 23 100  24f   23   C  16 997 2       14 997 2      997 997 2      997 998 2      997***                                  
223114 23  80  23f   23   C  14 997 2       12 997 2      997 997 2      997  32 2      997***                                  
253117 45  50  23u/f 45  45  13 997 2       11 997 2      997 997 2      997  43 2      997***                                  
551                                                                .                                                            
512                                                                .                                                            
