12 0004                31020N122060E200104        0   0  0180  0  011272                                                        
220108 90  40  22u/f 90  68  10 997 2        8 997 2      997 997 2      997  43 2      997***                                  
220111158  50  23u/f158  68  12 997 2       10 997 2      997 997 2      997  43 2      997***                                  
220114135  80  23f/u135  68  13 997 2       11 997 2      997 997 2      997  28 2      997***                                  
220117158 110  24f  158   C  16 997 2       14 997 2      997 997 2      997  32 2      997***                                  
220208180  80  23f  180   C  13 997 2       11 997 2      997 997 2      997  31 2      997***                                  
220211203  80  23f  203   C   9 997 2        7 997 2      997 997 2      997 998 2      997***                                  
220214158  20  22u/f158 135   8 997 2        7 997 2      997 997 1      997 998 2      997***                                  
220217113  50  22u/f113 135   8 997 2        7 997 2      997 997 2      997  40 2      997***                                  
220308 45 100  23f/u 45  68  14 997 2       12 997 2      997 997 2      997  32 2      997***                                  
220311 45 110  24u/f 45  68  17 997 2       15 997 2      997 997 2      997  43 2      997***                                  
220314 23 110  24f   23   C  14 997 2       12 997 2      997 997 2      997  26 2      997***                                  
220317 23 120  24f   23   C  17 997 2       15 997 2      997 997 2      997  27 2      997***                                  
220408 45  70  23u/f 45  68 100 997 2       80 997 2      997 997 2      997  37 2      997***                                  
220411 68  70  23u/f 68  68  12 997 2       10 997 2      997 997 2      997 998 2      997***                                  
220414 90  30  22u/f 90  68  12 997 2       10 997 1      997 997 2      997  36 2      997***                                  
220417 90  50  22u/f 90  68   8 997 2        6 997 2      997 997 2      997 998 2      997***                                  
220508 90  40  22u/f 90  68   9 997 2        7 997 2      997 997 2      997  33 2      997***                                  
220511 90  40  22u/f 90  68  10 997 2        8 997 2      997 997 2      997  34 2      997***                                  
220514 68  70  22u/f 68  68  10 997 2        8 997 2      997 997 2      997 998 1      997***                                  
220517 23  60  22u/f 23  68  14 997 2       12 997 2      997 997 2      997  38 2      997***                                  
220608  C   0  21u/f  C   C   0 997 2        0 997 2      997 997 2      997   0 2      997***                                  
220611 68  10  21u/f  C   C   0 997 2        0 997 2      997 997 2      997   0 2      997***                                  
220614 90  40  21u/f  C   C   0 997 2        0 997 2      997 997 2      997   0 2      997***                                  
220617 90  60  22u/f 90  68   9 997 2        7 997 2      997 997 2      997  38 2      997***                                  
220708 68  50  22u/f 68  68   5 997 2        4 997 2      997 997 2      997  33 2      997***                                  
220711 68  50  22u/f 68  68   7 997 2        5 997 2      997 997 2      997  36 2      997***                                  
220714 90  40  22u/f 68  68   7 997 2        5 997 2      997 997 2      997  34 2      997***                                  
220717 90  40  22u/f 90  68   7 997 2        5 997 2      997 997 2      997  36 2      997***                                  
220808 90  50  22u/f 90  68   5 997 2        4 997 2      997 997 2      997  33 2      997***                                  
220811 90  70  22u/f 90  68   7 997 2        5 997 2      997 997 2      997  35 2      997***                                  
220814 90  30  22u/f 90  68   7 997 2        5 997 2      997 997 2      997  35 2      997***                                  
220817 45  40  22u/f 45  68   7 997 2        5 997 2      997 997 2      997  34 2      997***                                  
220908 23 100  23f/u 23  68  14 997 2       12 997 2      997 997 2      997 998 2      997***                                  
220911 23 100  23f/u 23  68  15 997 2       13 997 2      997 997 2      997 998 2      997***                                  
220914 23  80  23f/u 23  68  15 997 2       13 997 2      997 997 2      997 998 2      997***                                  
220917 23  40  22u/f 23  68  12 997 2       10 997 2      997 997 2      997  35 2      997***                                  
221008338  50  22u/f338 113  14 997 2       12 997 2      997 997 2      997 998 2      997***                                  
221011 23  90  23u/f 23 113  12 997 2       10 997 2      997 997 2      997 998 2      997***                                  
221014360  80  23u/f360 113  13 997 2       11 997 2      997 997 2      997 998 2      997***                                  
221017338  90  23u/f338 113  14 997 2       12 997 2      997 997 2      997 998 2      997***                                  
221108338 140  24f  338   C  18 997 2       16 997 2      997 997 2      997 998 2      997***                                  
221111338 120  24f  338   C  17 997 2       15 997 2      997 997 2      997  32 2      997***                                  
221114338 100  24f  338   C  17 997 2       15 997 2      997 997 2      997 998 2      997***                                  
221117338  90  24f  338   C  14 997 2       12 997 2      997 997 2      997  28 2      997***                                  
221208293  80  23f/u293 113   9 997 2        7 997 2      997 997 2      997 998 2      997***                                  
221211293  90  24u/f293 113  15 997 2       13 997 2      997 997 2      997 998 2      997***                                  
221214225  70  23u/f225 113  10 997 2        8 997 2      997 997 2      997 998 2      997***                                  
221217203  40  22u/f203 113   8 997 2        6 997 2      997 997 2      997  32 2      997***                                  
221308180  80  23u/f180  68   9 997 2        7 997 2      997 997 2      997  33 2      997***                                  
221311203  70  23f/u203  68  10 997 2        8 997 2      997 997 2      997 998 2      997***                                  
221314158  50  23f/u158  68   8 997 2        6 997 2      997 997 2      997 998 2      997***                                  
221317158  90  23f  158   C  14 997 2       12 997 2      997 997 2      997  33 2      997***                                  
221408360 120  24f  360   C  16 997 2       14 997 2      997 997 2      997  33 2      997***                                  
221411360  90  24f  360   C  15 997 2       13 997 2      997 997 2      997  33 2      997***                                  
221414360  60  23u/f360  23  12 997 2       10 997 2      997 997 2      997  39 2      997***                                  
221417360  90  23u/f360  23  14 997 2       12 997 2      997 997 2      997 998 2      997***                                  
221508180  60  23u/f180  68   7 997 2        5 997 2      997 997 2      997  41 2      997***                                  
221511203  60  23u/f203  68   8 997 2        6 997 2      997 997 2      997 998 2      997***                                  
221514158  30  22f/u158  68   6 997 2        4 997 2      997 997 2      997  25 2      997***                                  
221517135  60  23f  135   C   8 997 2        6 997 2      997 997 2      997  26 2      997***                                  
221608158  80  23f  158   C  14 997 2       12 997 2      997 997 2      997  29 2      997***                                  
221611158  60  23u/f158 135  12 997 2       10 997 2      997 997 2      997  39 2      997***                                  
221614135  70  23f/u135 135  14 997 2       12 997 2      997 997 2      997 998 2      997***                                  
221617135  80  23f  135   C  15 997 2       13 997 2      997 997 2      997  29 2      997***                                  
221708 90  20  21u/f  C   C   0 997 2        0 997 2      997 997 2      997   0 2      997***                                  
221711 90  50  23u/f 90  90  11 997 2        9 997 2      997 997 2      997  36 2      997***                                  
221714 68  20  22u/f 68  90   8 997 2        6 997 2      997 997 2      997  38 2      997***                                  
221717 68  30  21u/f 68  90   6 997 2        4 997 2      997 997 2      997  40 2      997***                                  
221808135  50  23u/f135 113   9 997 2        7 997 2      997 997 2      997  44 2      997***                                  
221811158  40  23u/f158 113   9 997 2        7 997 2      997 997 2      997 998 2      997***                                  
221814135  50  23u/f135 113  14 997 2       12 997 2      997 997 2      997  49 2      997***                                  
221817135  70  23u/f135 113  15 997 2       13 997 2      997 997 2      997 998 2      997***                                  
221908158 100  23u/f158 113  15 997 2       13 997 2      997 997 2      997 998 2      997***                                  
221911158  50  23u/f158 113  14 997 2       12 997 2      997 997 2      997  52 2      997***                                  
221914158  60  23u/f158 113  13 997 2       11 997 2      997 997 2      997  50 2      997***                                  
221917158  80  23u/f158 113  14 997 2       12 997 2      997 997 2      997  51 2      997***                                  
222008 68 120  24f   68   C  18 997 2       15 997 2      997 997 2      997 998 2      997***                                  
222011 45 130  25f   45   C  20 997 2       17 997 2      997 997 2      997 998 2      997***                                  
222014 45 120  25f   45   C  19 997 2       16 997 2      997 997 2      997  35 2      997***                                  
222017 45 140  25f   45   C  20 997 2       17 997 2      997 997 2      997  35 2      997***                                  
222108 23 160  25f   23   C  24 997 2       21 997 2      997 997 2      997 998 2      997***                                  
222111 23 150  25f   23   C  21 997 2       19 997 2      997 997 2      997 998 2      997***                                  
222114 23 140  25f   23   C  20 997 2       17 997 2      997 997 2      997  36 2      997***                                  
222117360 130  24f  360   C  15 997 2       13 997 2      997 997 2      997  29 2      997***                                  
222208 23  80  23u/f 23  45  17 997 2       15 997 2      997 997 2      997 998 2      997***                                  
222211 23  70  23u/f 23  45  15 997 2       13 997 2      997 997 2      997 998 2      997***                                  
222214 23  50  23u/f 23  45  13 997 2       11 997 2      997 997 2      997  44 2      997***                                  
222217 23  70  23u/f 23  45  15 997 2       13 997 2      997 997 2      997  46 2      997***                                  
222308113  60  23u/f113  90  11 997 2        9 997 2      997 997 2      997 998 2      997***                                  
222311113  70  23u/f113  90  11 997 2        9 997 2      997 997 2      997 998 2      997***                                  
222314135  90  23u/f135  90  13 997 2       11 997 2      997 997 2      997  41 2      997***                                  
222317180  60  23f/u180  90  10 997 2        8 997 2      997 997 2      997  30 2      997***                                  
222408 23  80  23f/u 23  45  14 997 2       12 997 2      997 997 2      997 998 2      997***                                  
222411360  90  23f/u360  45  15 997 2       13 997 2      997 997 2      997  31 2      997***                                  
222414360  90  23f/u360  45  14 997 2       12 997 2      997 997 2      997  33 2      997***                                  
222417360 100  23f/u360  45  15 997 2       13 997 2      997 997 2      997  30 2      997***                                  
222508 23  90  23f/u 23  45  15 997 2       13 997 2      997 997 2      997 998 2      997***                                  
222511360  90  24f/u360  45  16 997 2       14 997 2      997 997 2      997 998 2      997***                                  
222514360  90  24f/u360  45  17 997 2       15 997 2      997 997 2      997  31 2      997***                                  
222517360 100  24f/u360  45  16 997 2       14 997 2      997 997 2      997  30 2      997***                                  
222608 68  60  22u/f 68  68  10 997 2        8 997 2      997 997 2      997  34 2      997***                                  
222611113  40  22u/f113  68   8 997 2        6 997 2      997 997 2      997  34 2      997***                                  
222614 68  50  22u/f 68  68   5 997 2        4 997 2      997 997 2      997  33 2      997***                                  
222617 68  60  22u/f 68  68   6 997 2        5 997 2      997 997 2      997  32 2      997***                                  
222708135  70  23f/u135  68  10 997 2        8 997 2      997 997 2      997  29 2      997***                                  
222711135 100  23f/u135  68  12 997 2       10 997 2      997 997 2      997  31 2      997***                                  
222714135  90  23f/u135  68  13 997 2       11 997 2      997 997 2      997  32 2      997***                                  
222717135  70  22u/f135  68  14 997 2       12 997 2      997 997 2      997  41 2      997***                                  
222808 90  50  22u/f 90  68   9 997 2        7 997 2      997 997 2      997  41 2      997***                                  
222811135  30  22u/f135  68   8 997 2        6 997 2      997 997 2      997  40 2      997***                                  
222814135  40  22u/f135  68   5 997 2        4 997 2      997 997 2      997  35 2      997***                                  
222817135  50  22u/f135  68   5 997 2        4 997 2      997 997 2      997  34 2      997***                                  
222908248  40  22u/f248  90   8 997 2        7 997 2      997 997 2      997  39 2      997***                                  
222911338  30  22u/f338  90  14 997 2       12 997 2      997 997 2      997 998 2      997***                                  
222914158  30  22u/f158  90  13 997 2       11 997 2      997 997 2      997  38 2      997***                                  
222917293  30  22u/f293  90  11 997 2        9 997 2      997 997 2      997  43 2      997***                                  
223008293  90  23u/f293  90  11 997 2        9 997 2      997 997 2      997  39 2      997***                                  
223011293  60  22u/f293  90  14 997 2       12 997 2      997 997 2      997 998 2      997***                                  
223014293  50  22u/f293  90  13 997 2       11 997 2      997 997 2      997  41 2      997***                                  
213017 23  60  22u/f 23  90  14 997 2       12 997 2      997 997 2      997  42 2      997***                                  
