12 0004                31020N122060E200107        0   0  0180  0  011272                                                        
220108180 100  24f/u180 135  13 997 2       11 997 2      997 997 2      997  35 2      997***                                  
220111180  60  23f/u180 135  12 997 2       10 997 2      997 997 2      997  34 2      997***                                  
220114180  50  23u/f180 135  10 997 2        8 997 2      997 997 2      997  43 2      997***                                  
220117180  70  23f/u180 135  11 997 2        9 997 2      997 997 2      997 998 2      997***                                  
220208135  80  23f/u135 113  10 997 2        8 997 2      997 997 2      997 998 2      997***                                  
220211158  80  23f/u158 113  11 997 2        9 997 2      997 997 2      997  33 2      997***                                  
220214180  70  23  f180   c   9 997 2        7 997 2      997 997 2      997  31 2      997***                                  
220217135 100  24f/u135 113  14 997 2       12 997 2      997 997 2      997 998 2      997***                                  
220308135  80  23f/u135 113   9 997 2        7 997 2      997 997 2      997  27 2      997***                                  
220311135  80  23f/u135 113   9 997 2        7 997 2      997 997 2      997  28 2      997***                                  
220314135 100  24  f135   c  11 997 2        9 997 2      997 997 2      997  33 2      997***                                  
220317135 120  24  f135   c  15 997 2       13 997 2      997 997 2      997  43 2      997***                                  
220408135  70  23u/f135 135   9 997 2        7 997 2      997 997 2      997 998 2      997***                                  
220411135  70  23f/u135 135   8 997 2        6 997 2      997 997 2      997  29 2      997***                                  
220414158 100  23f/u158 135  10 997 2        8 997 2      997 997 2      997  38 2      997***                                  
220417158  90  23f/u158 135  10 997 2        8 997 2      997 997 2      997  35 2      997***                                  
220508135  60  23u/f135 113  11 997 2        9 997 2      997 997 2      997 998 2      997***                                  
220511135  80  23f/u135 113   9 997 2        7 997 2      997 997 2      997  29 2      997***                                  
220514158  80  23u/f158 113  11 997 2        9 997 2      997 997 2      997  63 2      997***                                  
220517158 100  23u/f158 113  18 997 2       15 997 2      997 997 2      997 998 2      997***                                  
220608 68  60  23u/f 68 113  14 997 2       12 997 2      997 997 2      997 998 2      997***                                  
220611 68  70  23u/f 68 113  13 997 2       11 997 2      997 997 2      997  59 2      997***                                  
220614 68 150  24f/u 68 113  16 997 2       14 997 2      997 997 2      997 998 2      997***                                  
220617 68 160  24  f 68   c  16 997 2       14 997 2      997 997 2      997 998 2      997***                                  
220708 68  80  23u/f 68  90  10 997 2        8 997 2      997 997 2      997  37 2      997***                                  
220711 68  80  23f/u 68  90   9 997 2        7 997 2      997 997 2      997  31 2      997***                                  
220714 90  90  23  f 90   c   9 997 2        7 997 2      997 997 2      997  34 2      997***                                  
220717 90  60  23u/f 90  90  10 997 2        8 997 2      997 997 2      997  48 2      997***                                  
220808 90  50  23u/f 90 113   9 997 2        7 997 2      997 997 2      997  37 2      997***                                  
220811 90  60  23u/f 90 113   9 997 2        7 997 2      997 997 2      997 998 2      997***                                  
220814113  70  23  f113   c   8 997 2        6 997 2      997 997 2      997  27 2      997***                                  
220817 90  60  23  f 90   c   8 997 2        6 997 2      997 997 2      997  29 2      997***                                  
220908113  60  23u/f113 113   9 997 2        7 997 2      997 997 2      997  36 2      997***                                  
220911113  50  23u/f113 113   9 997 2        7 997 2      997 997 2      997 998 2      997***                                  
220914113  80  23u/f113 113   8 997 2        6 997 2      997 997 2      997 998 2      997***                                  
220917113  60  23f/u113 113   7 997 2        5 997 2      997 997 2      997  29 2      997***                                  
221008203  40  23u/f203 135   9 997 2        7 997 2      997 997 2      997 998 2      997***                                  
221011203  40  23u/f203 135   8 997 2        6 997 2      997 997 2      997 998 2      997***                                  
221014180  50  23u/f180 135   8 997 2        6 997 2      997 997 2      997  35 2      997***                                  
221017180  40  22u/f180 135   5 997 2        4 997 2      997 997 2      997  39 2      997***                                  
221108203  80  23  f203   c  10 997 2        8 997 2      997 997 2      997  27 2      997***                                  
221111180  50  23f/u180 135  13 997 2       11 997 2      997 997 2      997 998 2     997***                                   
221114 90  80  23u/f 90 135  13 997 2       11 997 2      997 997 2      997  39 2      997***                                  
221117158  50  23u/f158 135   8 997 2        6 997 2      997 997 2      997  37 2      997***                                  
221208180  90  23  f180   c  13 997 2       11 997 2      997 997 2      997  30 2      997***                                  
221211203  40  23u/f203 135  11 997 2        9 997 2      997 997 2      997  39 2      997***                                  
221214113  40  22u/f113 135   9 997 2        7 997 2      997 997 2      997  38 2      997***                                  
221217158  50  23u/f158 135  11 997 2        9 997 2      997 997 2      997  41 2      997***                                  
221308158 100  24  f158   c  14 997 2       12 997 2      997 997 2      997  32 2      997***                                  
221311158  80  24  f158   c  14 997 2       12 997 2      997 997 2      997  33 2      997***                                  
221314158  70  23  f158   c  11 997 2        9 997 2      997 997 2      997  29 2      997***                                  
221317158 110  24  f158   c  18 997 2       15 997 2      997 997 2      997  33 2      997***                                  
221408158 130  24  f158   c  19 997 2       16 997 2      997 997 2      997  34 2      997***                                  
221411180 100  23  f180   c  13 997 2       11 997 2      997 997 2      997 998 2      997***                                  
221414158  90  23  f158   c  14 997 2       12 997 2      997 997 2      997 998 2      997***                                  
221417158  90  23  f158   c  15 997 2       13 997 2      997 997 2      997 998 2      997***                                  
221508225  70  23  f225   c  10 997 2        8 997 2      997 997 2      997  32 2      997***                                  
221511338  30  22u/f338  68   7 997 2        5 997 2      997 997 2      997  42 2      997***                                  
221514 45  30  21u/f 45  68   5 997 2        4 997 2      997 997 2      997  43 2      997***                                  
221517360  80  23  f360   c  11 997 2        9 997 2      997 997 2      997  31 2      997***                                  
221608 23 100  24  f 23   c  13 997 2       11 997 2      997 997 2      997 998 2      997***                                  
221611 68  50  23  f 68   c  10 997 2        8 997 2      997 997 2      997  30 2      997***                                  
221614 45  70  23  f 45   c  12 997 2       10 997 2      997 997 2      997  29 2      997***                                  
221617 45  70  23  f 45   c  10 997 2        8 997 2      997 997 2      997 998 2      997***                                  
221708 23  60  23u/f 23 113   7 997 2        5 997 2      997 997 2      997 998 2      997***                                  
221711 68  40  22u/f 68 113   7 997 2        5 997 2      997 997 2      997  41 2      997***                                  
221714 45  30  22u/f 45 113   5 997 2        3 997 2      997 997 2      997  39 2      997***                                  
221717 45  40  22u/f 45 113   5 997 2        3 997 2      997 997 2      997 998 2      997***                                  
221808 90  50  22u/f 90  90   7 997 2        5 997 2      997 997 2      997  39 2      997***                                  
221811135  30  21u/f135  90   4 997 2        3 997 2      997 997 2      997 998 2      997***                                  
221814997 997  21u/f  c  90   5 997 2        4 997 2      997 997 2      997  41 2      997***                                  
221817113  30  22u/f113  90   7 997 2        5 997 2      997 998 2      997 998 2      997***                                  
221908135  60  23u/f135 113   9 997 2        7 997 2      997 997 2      997 998 2      997***                                  
221911180  60  23u/f180 113   9 997 2        7 997 2      997 997 2      997 998 2      997***                                  
221914135  60  23u/f135 113  10 997 2        8 997 2      997 997 2      997  44 2      997***                                  
221917135  60  23u/f135 113  12 997 2       10 997 2      997 997 2      997  43 2      997***                                  
222008180  50  23u/f180  90   8 997 2        6 997 2      997 997 2      997 998 2      997***                                  
222011158  70  23f/u158  90  10 997 2        8 997 2      997 997 2      997 998 2      997***                                  
222014180  50  23f/u180  90   8 997 2        6 997 2      997 997 2      997  22 2      997***                                  
222017158  60  23f/u158  90  10 997 2        8 997 2      997 997 2      997  24 2      997***                                  
222108135  90  24  f135   c  15 997 2       13 997 2      997 997 2      997 998 2      997***                                  
222111158  80  23  f158   c  15 997 2       13 997 2      997 997 2      997  30 2      997***                                  
222114135 100  24  f135   c  15 997 2       13 997 2      997 997 2      997  31 2      997***                                  
222117158 100  24  f158   c  17 997 2       15 997 2      997 997 2      997  37 2      997***                                  
222208135  70  23  f135   c   9 997 2        7 997 2      997 997 2      997  27 2      997***                                  
222211180  90  24  f180   c  10 997 2        8 997 2      997 997 2      997 998 2      997***                                  
222214158  60  22  f158   c   6 997 2        5 997 2      997 997 2      997 998 2      997***                                  
222217158  60  22  f158   c   8 997 2        6 997 2      997 997 2      997  31 2      997***                                  
222308158  70  23  f158   c  10 997 2        8 997 2      997 997 2      997  31 2      997***                                  
222311135 100  24  f135   c  12 997 2       10 997 2      997 997 2      997 998 2      997***                                  
222314135 110  24  f135   c  13 997 2       11 997 2      997 997 2      997  32 2      997***                                  
222317135  70  23  f135   c  11 997 2        9 997 2      997 997 2      997  34 2      997***                                  
222408158  50  23  f158   c   8 997 2        6 997 2      997 997 2      997  29 2      997***                                  
222411135  90  23  f135   c   9 997 2        7 997 2      997 997 2      997 998 2      997***                                  
222414158  90  23  f158   c  10 997 2        8 997 2      997 997 2      997  32 2      997***                                  
222417158  90  24  f158   c  12 997 2       10 997 2      997 997 2      997  34 2      997***                                  
222508158  60  23  f158   c   9 997 2        7 997 2      997 997 2      997  33 2      997***                                  
222511158  70  23  f158   c   9 997 2        7 997 2      997 997 2      997  27 2      997***                                  
222514158  80  23  f158   c  10 997 2        8 997 2      997 997 2      997  29 2      997***                                  
222517158  90  24  f158   c  11 997 2        9 997 2      997 997 2      997 998 2      997***                                  
222608158 100  23  f158   c   9 997 2        7 997 2      997 997 2      997 998 2      997***                                  
222611158  50  22u/f158 135  10 997 2        8 997 2      997 997 2      997  42 2      997***                                  
222614113  70  23u/f113 135  10 997 2        8 997 2      997 997 2      997  39 2      997***                                  
222617158  90  24f/u158 135  11 997 2        9 997 2      997 997 2      997  31 2      997***                                  
222708158  70  23  f158   c  10 997 2        8 997 2      997 997 2      997  32 2      997***                                  
222711158 100  24  f158   c  13 997 2       11 997 2      997 997 2      997  35 2      997***                                  
222714158 100  24  f158   c  15 997 2       13 997 2      997 997 2      997  30 2      997***                                  
222717158 100  24  f158   c  15 997 2       13 997 2      997 997 2      997  31 2      997***                                  
222808158  80  23  f158   c  11 997 2        9 997 2      997 997 2      997  31 2      997***                                  
222811158  70  23  f158   c  10 997 2        8 997 2      997 997 2      997  30 2      997***                                  
222814180  90  24  f180   c  12 997 2       10 997 2      997 997 2      997 998 2      997***                                  
222817180 100  24  f180   c  15 997 2       13 997 2      997 997 2      997  32 2      997***                                  
222908158 100  24  f158   c  13 997 2       11 997 2      997 997 2      997 998 2      997***                                  
222911158  70  23  f158   c  11 997 2        9 997 2      997 997 2      997  30 2      997***                                  
222914158  90  24  f158   c  15 997 2       12 997 2      997 997 2      997  31 2      997***                                  
222917158 110  24  f158   c  18 997 2       15 997 2      997 997 2      997  35 2      997***                                  
223008180  80  23f/u180 158  11 997 2        9 997 2      997 997 2      997  31 2      997***                                  
223011180  90  24f/u180 158  13 997 2       11 997 2      997 997 2      997  32 2      997***                                  
223014158 110  24f/u158 158  19 997 2       16 997 2      997 997 2      997  35 2      997***                                  
223017158 120  24  f158   c  20 997 2       17 997 2      997 997 2      997 998 2      997***                                  
223108158 130  24  f158   c  19 997 2       16 997 2      997 997 2      997 998 2      997***                                  
223111158  90  24f/u158 135  15 997 2       13 997 2      997 997 2      997 998 2      997***                                  
223114158 120  24f/u158 135  16 997 2       14 997 2      997 997 2      997  34 2      997***                                  
213117158 110  24f/u158 135  17 997 2       15 997 2      997 997 2      997  36 2      997***                                  
