12 0004                31020N122060E200110        0   0  0180  01121 721                                                        
220108315 100  04F\U315  68  16 997 2       14 997 2      997 997 2      997 998 2        0                                     
220111315  70  03U\F315  68  13 997 2       11 997 2      997 997 2      997 998 2        0                                     
220114338  70  03U\F338  68  13 997 2       11 997 2      997 997 2      997  53 2        0                                     
220117360  70  03U\F360  68  13 997 2       11 997 2      997 997 2      997  44 2        0                                     
220208338  20  01U\F  C  68   9 997 2        7 997 2      997 997 2      997 998 2        0                                     
220211  C   0  01U\F  C  68   6 997 2        4 997 2      997 997 2      997  44 2        0                                     
220214  C   0  01U\F  C   C   0 997 2        0 997 2      997 997 2      997   0 2        0                                     
220217 68  30  01U\F 68  68   4 997 2        3 997 2      997 997 2      997  40 2        0                                     
220308180  40  02U\F180  68   8 997 2        6 997 2      997 997 2      997 998 2        0                                     
220311180  60  03F\U180  68   8 997 2        6 997 2      997 997 2      997  26 2        0                                     
220314180  50  03  F180   C   8 997 2        6 997 2      997 997 2      997 998 2        0                                     
220317158  30  02U\F158  68   7 997 2        5 997 2      997 997 2      997  38 2        0                                     
220408293  90  04  F293   C  15 997 2       13 997 2      997 997 2      997  32 2        0                                     
220411293  90  04  F293   C  16 997 2       14 997 2      997 997 2      997  32 2        0                                     
220414315  80  03  F315   C  15 997 2       13 997 2      997 997 2      997  31 2        0                                     
220417338 100  04  F338   C  15 997 2       13 997 2      997 997 2      997 998 2        0                                     
220508338  70  03U\F338  45  10 997 2        8 997 2      997 997 2      997  42 2        0                                     
220511 45  60  03U\F 45  45   8 997 2        6 997 2      997 997 2      997  38 2        0                                     
220514 23  50  03U\F 23  45   7 997 2        5 997 2      997 997 2      997  36 2        0                                     
220517 23  60  03U\F 23  45  10 997 2        8 997 2      997 997 2      997  42 2        0                                     
220608 68  70  03F\U 68  90  10 997 2        8 997 2      997 997 2      997  31 2        0                                     
220611 90  50  03U\F 90  90   7 997 2        5 997 2      997 997 2      997  38 2        0                                     
220614 68  60  03U\F 68  90   9 997 2        7 997 2      997 997 2      997 998 2        0                                     
220617 68  40  02U\F 68  90   8 997 2        6 997 2      997 997 2      997  42 2        0                                     
220708 90  40  02U\F 90  90   8 997 2        6 997 2      997 997 2      997  42 2        0                                     
220711 90  30  02U\F 90  90   6 997 2        5 997 2      997 997 2      997  38 2        0                                     
220714 45  20  01U\F  C  90  12 997 2       10 997 2      997 997 2      997 998 2        0                                     
220717 23  30  01U\F  C  90   6 997 2        5 997 2      997 997 2      997  37 2        0                                     
220808315  40  02U\F315  68  12 997 2       10 997 2      997 997 2      997  43 2        0                                     
220811248  40  02U\F248  68  14 997 2       12 997 2      997 997 2      997 998 2        0                                     
220814315  60  03U\F315  68  14 997 2       12 997 2      997 997 2      997  46 2        0                                     
220817338  50  03U\F338  68  12 997 2       10 997 2      997 997 2      997  43 2        0                                     
220908315 110  04F\U315  68  15 997 2       13 997 2      997 997 2      997 998 2        0                                     
220911315 100  04F\U315  68  15 997 2       13 997 2      997 997 2      997  36 2        0                                     
220914293 100  04F\U293  68  16 997 2       14 997 2      997 997 2      997  36 2        0                                     
220917315 100  04F\U315  68  15 997 2       13 997 2      997 997 2      997  36 2        0                                     
221008293  60  03F\U293  68  10 997 2        8 997 2      997 997 2      997 998 2        0                                     
221011315 120  04F\U315  68  16 997 2       14 997 2      997 997 2      997  41 2        0                                     
221014315 120  04F\U315  68  16 997 2       14 997 2      997 997 2      997 998 2        0                                     
221017315  90  04F\U315  68  14 997 2       12 997 2      997 997 2      997  37 2        0                                     
221108315  70  03F\U315  68   9 997 2        7 997 2      997 997 2      997 998 2        0                                     
221111315  60  03F\U315  68   9 997 2        7 997 2      997 997 2      997  27 2        0                                     
221114315  70  03F\U315  68  10 997 2        8 997 2      997 997 2      997 998 2        0                                     
221117360  80  03F\U360  68  12 997 2       10 997 2      997 997 2      997  28 2        0                                     
221208315  80  03F\U315  68  10 997 2        8 997 2      997 997 2      997  28 2        0                                     
221211 23  70  03F\U 23  68  10 997 2        8 997 2      997 997 2      997  29 2        0                                     
221214 45  50  02U\F 45  68   9 997 2        7 997 2      997 997 2      997  37 2        0                                     
221217 23  40  02U\F 23  68   8 997 2        6 997 2      997 997 2      997  36 2        0                                     
221308360  90  04F\U360  68  14 997 2       12 997 2      997 997 2      997  33 2        0                                     
221311 68  80  04F\U 68  68  13 997 2       11 997 2      997 997 2      997  31 2        0                                     
221314 23  70  03U\F 23  68  15 997 2       13 997 2      997 997 2      997  42 2        0                                     
221317 23  80  03U\F 23  68  15 997 2       13 997 2      997 997 2      997 998 2        0                                     
221408 68  80  03F\U 68  68  10 997 2        8 997 2      997 997 2      997  27 2        0                                     
221411 68  50  03F\U 68  68   8 997 2        6 997 2      997 997 2      997  26 2        0                                     
221414 68  60  03F\U 68  68   8 997 2        6 997 2      997 997 2      997  26 2        0                                     
221417 45  60  03U\F 45  68  12 997 2       10 997 2      997 997 2      997  36 2        0                                     
221508 23  40  02U\F 23  68  12 997 2       10 997 2      997 997 2      997 998 2        0                                     
221511 45  50  03U\F 45  68  13 997 2       11 997 2      997 997 2      997  41 2        0                                     
221514 45  40  02U\F 45  68  12 997 2       10 997 2      997 997 2      997 998 2        0                                     
221517 45  60  02U\F 45  68  14 997 2       12 997 2      997 997 2      997  44 2        0                                     
221608360  70  03U\F360  68  12 997 2       10 997 2      997 997 2      997  42 2        0                                     
221611360 100  03F\U360  68  13 997 2       11 997 2      997 997 2      997  29 2        0                                     
221614360 120  04  F360   C  16 997 2       14 997 2      997 997 2      997  32 2        0                                     
221617360 150  04  F360   C  18 997 2       16 997 2      997 997 2      997  35 2        0                                     
221708360 170  05  F360   C  19 997 2       17 997 2      997 997 2      997  37 2        0                                     
221711998 998++++998998 998 998 997 2      998 997 2      997 997 2      997 998 2        0                                     
221714338 170  05  F338   C  21 997 2       18 997 2      997 997 2      997  40 2        0                                     
221717360 160  05  F360   C  17 997 2       15 997 2      997 997 2      997  34 2        0                                     
221808360 120  05F\U360  45  18 997 2       16 997 2      997 997 2      997  36 2        0                                     
221811360 110  04U\F360  45  19 997 2       17 997 2      997 997 2      997 998 2        0                                     
221814360  90  04U\F360  45  17 997 2       15 997 2      997 997 2      997  42 2        0                                     
221817360 100  04U\F360  45  14 997 2       12 997 2      997 997 2      997  40 2        0                                     
221908 45  30  02U\F 45  68  12 997 2       10 997 2      997 997 2      997 998 2        0                                     
221911 45  60  02U\F 45  68  15 997 2       12 997 2      997 997 2      997  53 2        0                                     
221914 45  50  02U\F 45  68  12 997 2       10 997 2      997 997 2      997  52 2        0                                     
221917 45  60  02U\F 45  68  10 997 2        8 997 2      997 997 2      997  50 2        0                                     
222008 68  80  03U\F 68  68  17 997 2       14 997 2      997 997 2      997  49 2        0                                     
222011 90  50  02U\F 90  68  17 997 2       15 997 2      997 997 2      997  51 2        0                                     
222014 90  50  02U\F 90  68  17 997 2       15 997 2      997 997 2      997  54 2        0                                     
222017 68  20  02U\F 68  68  17 997 2       15 997 2      997 997 2      997  55 2        0                                     
222108 45  70  02U\F 45  68  16 997 2       14 997 2      997 997 2      997 998 2        0                                     
222111338  90  03U\F338  68  16 997 2       14 997 2      997 997 2      997  52 2        0                                     
222114338  60  02U\F338  68  16 997 2       14 997 2      997 997 2      997 998 2        0                                     
222117338  50  02U\F338  68  16 997 2       14 997 2      997 997 2      997  59 2        0                                     
222208338  70  02U\F338  68  16 997 2       14 997 2      997 997 2      997  61 2        0                                     
222211338  80  03F\U338  68  10 997 2        8 997 2      997 997 2      997  30 2        0                                     
222214338  90  03F\U338  68  11 997 2        9 997 2      997 997 2      997  34 2        0                                     
222217360  70  02F\U360  68   9 997 2        7 997 2      997 997 2      997 998 2        0                                     
222308 23  70  02U\F 23  45  11 997 2        9 997 2      997 997 2      997  47 2        0                                     
222311 45  60  02U\F 45  45  12 997 2       10 997 2      997 997 2      997  48 2        0                                     
222314360  60  02U\F360  45  10 997 2        8 997 2      997 997 2      997  48 2        0                                     
222317 23  50  02U\F 23  45  10 997 2        8 997 2      997 997 2      997 998 2        0                                     
222408 45  60  02F\U 45  45   9 997 2        7 997 2      997 997 2      997  29 2        0                                     
222411 23  50  02U\F 23  45   9 997 2        7 997 2      997 997 2      997  42 2        0                                     
222414 23  70  03F\U 23  45  10 997 2        8 997 2      997 997 2      997 998 2        0                                     
222417 45  70  03U\F 45  45  12 997 2       10 997 2      997 997 2      997  44 2        0                                     
222508 45  40  01U\F  C  45   8 997 2        6 997 2      997 997 2      997  52 2        0                                     
222511 90  70  03F\U 90  45   9 997 2        7 997 2      997 997 2      997  31 2        0                                     
222514 90  60  02U\F 90  45   9 997 2        7 997 2      997 997 2      997  44 2        0                                     
222517 90  70  03U\F 90  45  10 997 2        8 997 2      997 997 2      997  46 2        0                                     
222608 68  40  01U\F  C  90   9 997 2        7 997 2      997 997 2      997 998 2        0                                     
222611 90  50  02U\F 90  90  10 997 2        8 997 2      997 997 2      997  50 2        0                                     
222614 90  50  02U\F 90  90   9 997 2        7 997 2      997 997 2      997  47 2        0                                     
222617135  60  02U\F135  90   9 997 2        7 997 2      997 997 2      997  44 2        0                                     
222708158  80  03F\U158  90  10 997 2        8 997 2      997 997 2      997  36 2        0                                     
222711180  90  03F\U180  90  11 997 2        9 997 2      997 997 2      997 998 2        0                                     
222714248 110  04  F248   C  15 997 2       13 997 2      997 997 2      997 998 2        0                                     
222717248 130  04  F248   C  18 997 2       16 997 2      997 997 2      997 998 2        0                                     
222808315 130  04  F315   C  20 997 2       18 997 2      997 997 2      997 998 2        0                                     
222811315 120  04  F315   C  19 997 2       17 997 2      997 997 2      997 998 2        0                                     
222814360 100  04  F360   C  15 997 2       13 997 2      997 997 2      997  33 2        0                                     
222817293 100  04F\U293  68  15 997 2       13 997 2      997 997 2      997  33 2        0                                     
222908315  90  03  F315   C  12 997 2       10 997 2      997 997 2      997  32 2        0                                     
222911293 100  04  F293   C  14 997 2       12 997 2      997 997 2      997 998 2        0                                     
222914315  90  03  F315   C  11 997 2        9 997 2      997 997 2      997  28 2        0                                     
222917338  90  03  F338   C  13 997 2       11 997 2      997 997 2      997 998 2        0                                     
223008315  50  02U\F315  68  10 997 2        8 997 2      997 997 2      997 998 2        0                                     
223011338  30  02U\F338  68   9 997 2        7 997 2      997 997 2      997  50 2        0                                     
223014315  30  01U\F  C  68   8 997 2        6 997 2      997 997 2      997  51 2        0                                     
223017 90  30  01U\F  C  68   8 997 2        6 997 2      997 997 2      997  50 2        0                                     
223108135  50  02U\F135  68   9 997 2        7 997 2      997 997 2      997 998 2        0                                     
223111158  70  03F\U158  68   9 997 2        7 997 2      997 997 2      997  28 2        0                                     
223114158  70  03F\U158  68  11 997 2        9 997 2      997 997 2      997  31 2        0                                     
213117158  70  03F\U158  68  11 997 2        9 997 2      997 997 2      997 998 2        0                                     
