12 0004                31020N122060E200109        0   0  0180  01121 721                                                        
220108 68  50  02U\F 68  68   9 997 2        7 997 2      997 997 2      997 998 2        0                                     
220111 68  50  02U\F 68  68   9 997 2        7 997 2      997 997 2      997  45 2        0                                     
220114 45  40  02U\F 45  68   8 997 2        6 997 2      997 997 2      997  43 2        0                                     
220117 45  60  03U\F 45  68  10 997 2        8 997 2      997 997 2      997  48 2        0                                     
220208 68  90  03F\U 68  68  12 997 2       10 997 2      997 997 2      997 998 2        0                                     
220211 45  90  03F\U 45  68  10 997 2        8 997 2      997 997 2      997  31 2        0                                     
220214 45  90  03F\U 45  68  12 997 2       10 997 2      997 997 2      997  38 2        0                                     
220217 45 100  04F\U 45  68  14 997 2       12 997 2      997 997 2      997 998 2        0                                     
220308 68  90  03F\U 68  68  12 997 2       10 997 2      997 997 2      997 998 2        0                                     
220311 68  90  03F\U 68  68  11 997 2        9 997 2      997 997 2      997  37 2        0                                     
220314 68 100  04U\F 68  68  15 997 2       13 997 2      997 997 2      997 998 2        0                                     
220317 23  70  03U\F 23  68  16 997 2       14 997 2      997 997 2      997  60 2        0                                     
220408 45  90  03U\F 45  68  16 997 2       14 997 2      997 997 2      997 998 2        0                                     
220411 68  70  03U\F 68  68  13 997 2       11 997 2      997 997 2      997  52 2        0                                     
220414 68  40  02U\F 68  68  11 997 2        9 997 2      997 997 2      997  52 2        0                                     
220417 68  70  03U\F 68  68  14 997 2       12 997 2      997 997 2      997  53 2        0                                     
220508 90  30  02U\F 90  68   8 997 2        6 997 2      997 997 2      997 998 2        0                                     
220511 45  40  02U\F 45  68   8 997 2        6 997 2      997 997 2      997  61 2        0                                     
220514 45  30  02U\F 45  68   8 997 2        6 997 2      997 997 2      997  65 2        0                                     
220517 90  50  02U\F 90  68   8 997 2        6 997 2      997 997 2      997 998 2        0                                     
220608 23  60  03F\U 23  68   9 997 2        7 997 2      997 997 2      997  26 2        0                                     
220611 23  70  03F\U 23  68  10 997 2        8 997 2      997 997 2      997  30 2        0                                     
220614 23  70  03F\U 23  68   9 997 2        7 997 2      997 997 2      997 998 2        0                                     
220617 23  80  03  F 23   C  11 997 2        9 997 2      997 997 2      997  31 2        0                                     
220708360  70  03  F360   C   9 997 2        7 997 2      997 997 2      997  29 2        0                                     
220711360  50  02F\U360  68   7 997 2        5 997 2      997 997 2      997 998 2        0                                     
220714360  80  03F\U360  68  11 997 2        9 997 2      997 997 2      997  31 2        0                                     
220717 23  90  03F\U 23  68  12 997 2       10 997 2      997 997 2      997 998 2        0                                     
220808 23  70  03  F 23   C  10 997 2        8 997 2      997 997 2      997  31 2        0                                     
220811 23  60  03  F238   C   8 997 2        6 997 2      997 997 2      997 998 2        0                                     
220814360  70  03F\U360  68  10 997 2        8 997 2      997 997 2      997 998 2        0                                     
220817360  70  03F\U360  68  10 997 2        8 997 2      997 997 2      997 998 2        0                                     
220908360  90  03u\f360  45  14 997 2       12 997 2      997 997 2      997  56 2        0                                     
220911 45 110  04U\F 45  45  18 997 2       16 997 2      997 997 2      997 998 2        0                                     
220914360 110  04F\U360  45  14 997 2       12 997 2      997 997 2      997 998 2        0                                     
220917360  90  04F\U360  45  12 997 2       10 997 2      997 997 2      997 998 2        0                                     
221008360 100  04F\U360  45  14 997 2       12 997 2      997 997 2      997 998 2        0                                     
221011360 100  04F\U360  45  14 997 2       12 997 2      997 997 2      997  33 2        0                                     
221014360 110  04F\U360  45  16 997 2       14 997 2      997 997 2      997  31 2        0                                     
221017360 120  04F\U360  45  19 997 2       17 997 2      997 997 2      997  34 2        0                                     
221108338 100  04F\U338  45  12 997 2       10 997 2      997 997 2      997 998 2        0                                     
221111360 110  04U\F360  45  15 997 2       13 997 2      997 997 2      997 998 2        0                                     
221114 68  60  02U\F 68  45  16 997 2       14 997 2      997 997 2      997  72 2        0                                     
221117 45  90  03U\F 45  45  17 997 2       15 997 2      997 997 2      997 998 2        0                                     
221208 23  60  02U\F 23  68  15 997 2       13 997 2      997 997 2      997  68 2        0                                     
221211 23  60  02U\F 23  68  15 997 2       13 997 2      997 997 2      997  69 2        0                                     
221214 68  70  03U\F 68  68  16 997 2       14 997 2      997 997 2      997 998 2        0                                     
221217 45  70  03U\F 45  68  15 997 2       13 997 2      997 997 2      997  67 2        0                                     
221308 23  60  03U\F 23  68  13 997 2       11 997 2      997 997 2      997  65 2        0                                     
221311 23  80  03U\F 23  68  14 997 2       12 997 2      997 997 2      997  66 2        0                                     
221314 23  80  03U\F 23  68  13 997 2       11 997 2      997 997 2      997 998 2        0                                     
221317 23  90  04F\U 23  68  17 997 2       15 997 2      997 997 2      997 998 2        0                                     
221408360 120  04  F360   C  15 997 2       13 997 2      997 997 2      997 998 2        0                                     
221411360 120  04  F360   C  15 997 2       13 997 2      997 997 2      997  31 2        0                                     
221414360 130  04  F360   C  16 997 2       14 997 2      997 997 2      997  31 2        0                                     
221417360 130  04  F360   C  17 997 2       15 997 2      997 997 2      997  32 2        0                                     
221508 45 100  04  F 45   C  16 997 2       14 997 2      997 997 2      997  34 2        0                                     
221511 45 120  04  F 45   C  17 997 2       15 997 2      997 997 2      997  33 2        0                                     
221514 45 110  04  F 45   C  15 997 2       13 997 2      997 997 2      997  32 2        0                                     
221517 45 100  03  F 45   C  13 997 2       11 997 2      997 997 2      997  29 2        0                                     
221608 23  70  02U\F 23 113  14 997 2       12 997 2      997 997 2      997 998 2        0                                     
221611 68  50  02U\F 68 113  14 997 2       12 997 2      997 997 2      997  56 2        0                                     
221614 45  60  02U\F 45 113  14 997 2       12 997 2      997 997 2      997  53 2        0                                     
221617 45  70  03U\F 45 113  14 997 2       12 997 2      997 997 2      997  51 2        0                                     
221708 23  50  02U\F 23 113  12 997 2       10 997 2      997 997 2      997 998 2        0                                     
221711 23  70  03U\F 23 113  10 997 2        8 997 2      997 997 2      997  48 2        0                                     
221714 23  50  02U\F 23 113   9 997 2        7 997 2      997 997 2      997  46 2        0                                     
221717 23  50  02U\F 23 113   8 997 2        6 997 2      997 997 2      997  41 2        0                                     
221808 45  90  03F\U 45 113  10 997 2        8 997 2      997 997 2      997 998 2        0                                     
221811 45  80  03  F 45   C  10 997 2        8 997 2      997 997 2      997  31 2        0                                     
221814 45  80  03  F 45   C  10 997 2        8 997 2      997 997 2      997  33 2        0                                     
221817 45  70  03  F 45   C  10 997 2        8 997 2      997 997 2      997  32 2        0                                     
221908 45 100  04  F 45   C  15 997 2       12 997 2      997 997 2      997 998 2        0                                     
221911 45 100  04  F 45   C  16 997 2       14 997 2      997 997 2      997 998 2        0                                     
221914 45 100  04  F 45   C  16 997 2       14 997 2      997 997 2      997 998 2        0                                     
221917 45  80  03  F 45   C  12 997 2       10 997 2      997 997 2      997  31 2        0                                     
222008 45  90  03u\f 45  68  12 997 2       10 997 2      997 997 2      997 998 2        0                                     
222011 45 100  04F\U 45  68  14 997 2       12 997 2      997 997 2      997  34 2        0                                     
222014 45  90  04F\U 45  68  14 997 2       12 997 2      997 997 2      997  32 2        0                                     
222017 23 100  04F\U 23  68  15 997 2       13 997 2      997 997 2      997  40 2        0                                     
222108 23 110  04U\F 23  68  18 997 2       15 997 2      997 997 2      997 998 2        0                                     
222111 23 110  04F\U 23  68  18 997 2       16 997 2      997 997 2      997 998 2        0                                     
222114 23 110  04F\U 23  68  18 997 2       16 997 2      997 997 2      997 998 2        0                                     
222117 23 140  04F\U 23  68  18 997 2       16 997 2      997 997 2      997  35 2        0                                     
222208 45 130  04  F 45   C  20 997 2       17 997 2      997 997 2      997  41 2        0                                     
222211 45 120  04  F 45   C  17 997 2       15 997 2      997 997 2      997  36 2        0                                     
222214 45 130  04  F 45   C  18 997 2       16 997 2      997 997 2      997 998 2        0                                     
222217 45 130  04  F 45   C  18 997 2       16 997 2      997 997 2      997  35 2        0                                     
222308 45  80  03U\F 45  68  14 997 2       12 997 2      997 997 2      997 998 2        0                                     
222311 45  70  03U\F 45  68  10 997 2        8 997 2      997 997 2      997  43 2        0                                     
222314 68  90  03F\U 68  68  12 997 2       10 997 2      997 997 2      997  31 2        0                                     
222317113  80  03F\U113  68  12 997 2       10 997 2      997 997 2      997  31 2        0                                     
222408 68  50  02U\F 68  90  15 997 2       12 997 2      997 997 2      997  56 2        0                                     
222411 68  70  03U\F 68  90  15 997 2       13 997 2      997 997 2      997  56 2        0                                     
222414 90  70  02U\F 90  90  17 997 2       15 997 2      997 997 2      997 998 2        0                                     
222417113  70  02U\F113  90  20 997 2       17 997 2      997 997 2      997  59 2        0                                     
222508 23  90  03U\F 23  90  14 997 2       12 997 2      997 997 2      997 998 2        0                                     
222511 23 110  04F\U 23  90  15 997 2       13 997 2      997 997 2      997  36 2        0                                     
222514 45 110  04U\F 45  90  18 997 2       16 997 2      997 997 2      997 998 2        0                                     
222517 23 100  04U\F 23  90  17 997 2       15 997 2      997 997 2      997 998 2        0                                     
222608 68 110  04U\F 68  68  17 997 2       15 997 2      997 997 2      997 998 2        0                                     
222611 68 100  04F\U 68  68  16 997 2       14 997 2      997 997 2      997 998 2        0                                     
222614 68  70  03U\F 68  68  14 997 2       12 997 2      997 997 2      997 998 2        0                                     
222617 68  70  03U\F 68  68  15 997 2       13 997 2      997 997 2      997  50 2        0                                     
222708 45 130  04F\U 45  90  16 997 2       14 997 2      997 997 2      997 998 2        0                                     
222711 45 130  05  F 45   C  19 997 2       16 997 2      997 997 2      997 998 2        0                                     
222714 45 110  04  F 45   C  15 997 2       13 997 2      997 997 2      997  30 2        0                                     
222717 45 110  04  F 45   C  15 997 2       13 997 2      997 997 2      997  31 2        0                                     
222808 23 140  04  F 23   C  16 997 2       14 997 2      997 997 2      997 998 2        0                                     
222811 45 130  04  F 45   C  16 997 2       14 997 2      997 997 2      997  32 2        0                                     
222814 45 100  04  F 45   C  13 997 2       11 997 2      997 997 2      997  30 2        0                                     
222817 45 130  04  F 45   C  15 997 2       13 997 2      997 997 2      997  32 2        0                                     
222908 68 110  03  F 68   C  15 997 2       13 997 2      997 997 2      997  30 2        0                                     
222911 68 110  03  F 68   C  15 997 2       13 997 2      997 997 2      997  31 2        0                                     
222914 68  90  03  F 68   C  12 997 2       10 997 2      997 997 2      997  28 2        0                                     
222917 68  70  03  F 68   C  10 997 2        8 997 2      997 997 2      997  27 2        0                                     
223008360 160  06  F360   C  27 997 2       24 997 2      997 997 2      997  45 2        0                                     
223011 23 140  05  F 23   C  22 997 2       19 997 2      997 997 2      997  37 2        0                                     
223014360 130  04  F360   C  16 997 2       14 997 2      997 997 2      997  30 2        0                                     
213017337 110  03  F338   C  14 997 2       12 997 2      997 997 2      997  28 2        0                                     
