12 0004                3002N12206E200102                        0  01 201                                                       
220108338 100  03  F338   C  13 997 2       11 997 2      997 997 2      997  30 2        0                                     
220111360 110  04  F360   C  18 997 2       15 997 2      997 997 2      997 998 2        0                                     
220114338 100  04  F338   C  16 997 2       14 997 2      997 997 2      997 998 2        0                                     
220117360 120  04  F360   C  17 997 2       15 997 2      997 997 2      997 998 2        0                                     
220208 45  70  03U/F 45  45  16 997 2       14 997 2      997 997 2      997  44 2        0                                     
220211 23  40  03U/F 23  45  10 997 2        8 997 2      997 997 2      997  39 2        0                                     
220214360  30  02U/F360  45   8 997 2        6 997 2      997 997 2      997 998 2        0                                     
220217 68  50  03U/F 68  68   8 997 2        6 997 2      997 997 2      997  42 2        0                                     
220308 68  30  02U/F 68  68   6 997 2        4 997 2      997 997 2      997 998 2        0                                     
220311 90  20  01U/F  C  90   6 997 2        4 997 2      997 997 2      997  40 2        0                                     
220314 68  60  03F/U 68  90   8 997 2        6 997 2      997 997 2      997  31 2        0                                     
220317 90  60  03U/F 90  90   9 997 2        7 997 2      997 997 2      997  35 2        0                                     
220408 45  50  03U/F 45  68   9 997 2        7 997 2      997 997 2      997  45 2        0                                     
220411 45  40  02U/F 45  68   8 997 2        6 997 2      997 997 2      997  47 2        0                                     
220414 45  60  03U/F 45  68  12 997 2        9 997 2      997 997 2      997 998 2        0                                     
220417 45  70  03U/F 45  68  16 997 2       13 997 2      997 997 2      997  45 2        0                                     
220508 68  60  03U/F 68  68  11 997 2        9 997 2      997 997 2      997  47 2        0                                     
220511 68  50  03U/F 68  68  10 997 2        8 997 2      997 997 2      997 998 2        0                                     
220514 45  60  03U/F 45  68  11 997 2        9 997 2      997 997 2      997 998 2        0                                     
220517 45  60  03U/F 45  68  10 997 2        8 997 2      997 997 2      997  50 2        0                                     
220608 23  50  03U/F 23  68  11 997 2        9 997 2      997 997 2      997  45 2        0                                     
220611 45  80  03F/U 45  68  10 997 2        8 997 2      997 997 2      997  35 2        0                                     
220614 45  80  03F/U 45  68  11 997 2        9 997 2      997 997 2      997 998 2        0                                     
220617360  70  03U/F360  68  13 997 2       11 997 2      997 997 2      997 998 2        0                                     
220708338 120  04  F338   C  14 997 2       12 997 2      997 997 2      997  32 2        0                                     
220711338 120  04  F338   C  18 997 2       15 997 2      997 997 2      997 998 2        0                                     
220714338 130  04  F338   C  16 997 2       14 997 2      997 997 2      997  33 2        0                                     
220717338 140  05  F338   C  19 997 2       16 997 2      997 997 2      997  34 2        0                                     
220808338  80  03U/F338  68  15 997 2       13 997 2      997 997 2      997 998 2        0                                     
220811338  50  03U/F338  68  13 997 2       11 997 2      997 997 2      997  41 2        0                                     
220814360  60  03U/F360  68  13 997 2       11 997 2      997 997 2      997 998 2        0                                     
220817338  50  02U/F338  68  10 997 2        8 997 2      997 997 2      997  41 2        0                                     
220908 23  40  02U/F 23  68   8 997 2        6 997 2      997 997 2      997 998 2        0                                     
220911 68  40  02U/F 68  68   7 997 2        5 997 2      997 997 2      997  41 2        0                                     
220914 68  30  02U/F 68  68   6 997 2        4 997 2      997 997 2      997  40 2        0                                     
220917 90  30  02U/F 90  68   6 997 2        4 997 2      997 997 2      997 998 2        0                                     
221008 23  30  01U/F 23  68   5 997 2        4 997 2      997 997 2      997  41 2        0                                     
221011 23  40  01U/F  C   C   0 997 2        0 997 2      997 997 2      997   0 2        0                                     
221014 23  20  01U/F  C   C   0 997 2        0 997 2      997 997 2      997   0 2        0                                     
221017 45  30  01U/F  C   C   0 997 2        0 997 2      997 997 2      997   0 2        0                                     
221108 68  30  01U/F  C  90   9 997 2        7 997 2      997 997 2      997  44 2        0                                     
221111 68  50  02U/F 68  90   9 997 2        7 997 2      997 997 2      997 998 2        0                                     
221114 68  60  03F/U 68  90  10 997 2        8 997 2      997 997 2      997 998 2        0                                     
221117 68  70  03F/U 68  90  13 997 2       11 997 2      997 997 2      997  32 2        0                                     
221208 45 140  05  F 45   C  20 997 2       17 997 2      997 997 2      997  36 2        0                                     
221211 45 140  05  F 45   C  18 997 2       15 997 2      997 997 2      997  36 2        0                                     
221214 45 130  05  F 45   C  19 997 2       16 997 2      997 997 2      997 998 2        0                                     
221217 23 130  04  F 23   C  17 997 2       14 997 2      997 997 2      997  33 2        0                                     
221308360 100  03  F360   C  12 997 2       10 997 2      997 997 2      997  25 2        0                                     
221311360 100  04U/F360  38  15 997 2       13 997 2      997 997 2      997 998 2        0                                     
221314360 120  04F/U360  68  17 997 2       15 997 2      997 997 2      997 998 2        0                                     
221317338  90  03  F338   C  12 997 2       10 997 2      997 997 2      997  31 2        0                                     
221408315  80  03F/U315  45  14 997 2       12 997 2      997 997 2      997  31 2        0                                     
221411315  90  03U/F315  45  16 997 2       14 997 2      997 997 2      997  44 2        0                                     
221414315  80  03U/F315  45  14 997 2       12 997 2      997 997 2      997 998 2        0                                     
221417360  30  02U/F360  45  12 997 2       10 997 2      997 997 2      997  39 2        0                                     
221508180  70  03F/U180  45  13 997 2       11 997 2      997 997 2      997  29 2        0                                     
221511180  80  03  F180   C  16 997 2       14 997 2      997 997 2      997  33 2        0                                     
221514180  80  03  F180   C  15 997 2       13 997 2      997 997 2      997 998 2        0                                     
221517203  70  03  F203   C  13 997 2       11 997 2      997 997 2      997 998 2        0                                     
221608338 110  03U/F338  45  15 997 2       13 997 2      997 997 2      997 998 2        0                                     
221611338  90  03U/F338  45  14 997 2       12 997 2      997 997 2      997 998 2        0                                     
221614338  90  03U/F338  45  14 997 2       12 997 2      997 997 2      997 998 2        0                                     
221617360  70  03U/F360  45  13 997 2       11 997 2      997 997 2      997  44 2        0                                     
221708180  60  03  F180   C  12 997 2       10 997 2      997 997 2      997 998 2        0                                     
221711180  60  03  F180   C  12 997 2       10 997 2      997 997 2      997 998 2        0                                     
221714158  70  03  F158   C  11 997 2        9 997 2      997 997 2      997  35 2        0                                     
221717135  90  03  F135   C  12 997 2       10 997 2      997 997 2      997 998 2        0                                     
221808135  40  02U/F135  68   7 997 2        5 997 2      997 997 2      997 998 2        0                                     
221811338  30  02U/F338  90   8 997 2        6 997 2      997 997 2      997  47 2        0                                     
221814360  40  02U/F360  90   8 997 2        6 997 2      997 997 2      997  36 2        0                                     
221817 23  60  03F/U 23  90   8 997 2        6 997 2      997 997 2      997  27 2        0                                     
221908 45  50  03F/U 45  68   7 997 2        5 997 2      997 997 2      997  30 2        0                                     
221911 23  40  03F/U 23  68   7 997 2        5 997 2      997 997 2      997  29 2        0                                     
221914 23  60  03  F 23   C   8 997 2        6 997 2      997 997 2      997  28 2        0                                     
221917 45  50  03U/F 45  90   9 997 2        7 997 2      997 997 2      997  35 2        0                                     
222008 90  40  02U/F 90  90   7 997 2        5 997 2      997 997 2      997  35 2        0                                     
222011 90  40  02U/F 90  90   9 997 2        7 997 2      997 997 2      997  37 2        0                                     
222014 90  50  03F/U 90  90   8 997 2        6 997 2      997 997 2      997  29 2        0                                     
222017 90  50  03F/U 90  90   9 997 2        7 997 2      997 997 2      997 998 2        0                                     
222108 23  30  02U/F 23  68   8 997 2        6 997 2      997 997 2      997  36 2        0                                     
222111315  70  03F/U315  68   9 997 2        7 997 2      997 997 2      997  30 2        0                                     
222114293  80  03  F293   C  10 997 2        8 997 2      997 997 2      997  27 2        0                                     
222117338  70  03  F338   C  11 997 2        9 997 2      997 997 2      997  30 2        0                                     
222208 90  30  02U/F 90  90   6 997 2        4 997 2      997 997 2      997  43 2        0                                     
222211113  50  02U/F113  68   7 997 2        5 997 2      997 997 2      997  45 2        0                                     
222214113  40  02U/F113  68   7 997 2        5 997 2      997 997 2      997  47 2        0                                     
222217158  60  03F/U158  90   7 997 2        5 997 2      997 997 2      997  29 2        0                                     
222308158  80  03  F158   C  10 997 2        8 997 2      997 997 2      997  28 2        0                                     
222311203  70  03  F203   C   8 997 2        6 997 2      997 997 2      997  28 2        0                                     
222314248  60  03F/U248  90   7 997 2        5 997 2      997 997 2      997  36 2        0                                     
222317338  90  03  F338   C  10 997 2        8 997 2      997 997 2      997 998 2        0                                     
222408338 140  05  F338   C  17 997 2       15 997 2      997 997 2      997  28 2        0                                     
222411315 140  05  F315   C  17 997 2       15 997 2      997 997 2      997  29 2        0                                     
222414315 150  05  F315   C  19 997 2       17 997 2      997 997 2      997 998 2        0                                     
222417315 160  05  F315   C  21 997 2       18 997 2      997 997 2      997  33 2        0                                     
222508 23  80  03F/U 23  68  12 997 2       10 997 2      997 997 2      997 998 2        0                                     
222511 45  90  03F/U 45  68  13 997 2       11 997 2      997 997 2      997 998 2        0                                     
222514 45 100  04U/F 45  68  18 997 2       15 997 2      997 997 2      997 998 2        0                                     
222517 23  70  03  F 23   C   9 997 2        7 997 2      997 997 2      997  29 2        0                                     
222608 45  80  03U/F 45  68  12 997 2       10 997 2      997 997 2      997  40 2        0                                     
222611 45  70  03U/F 45  68  11 997 2        9 997 2      997 997 2      997 998 2        0                                     
222614 90  70  03U/F 90  90  11 997 2        9 997 2      997 997 2      997 998 2        0                                     
222617 90  60  03F/U 90  90  11 997 2        9 997 2      997 997 2      997  33 2        0                                     
222708 90  60  03U/F 90  90  10 997 2        8 997 2      997 997 2      997  41 2        0                                     
222711135  70  03U/F135 113  14 997 2       12 997 2      997 997 2      997  35 2        0                                     
222714203  50  03U/F203 113  10 997 2        8 997 2      997 997 2      997  38 2        0                                     
222717293  70  03U/F293  90  10 997 2        8 997 2      997 997 2      997  35 2        0                                     
222808315  90  03  F315   C  12 997 2       10 997 2      997 997 2      997  32 2        0                                     
222811315  80  03  F315   C  11 997 2        9 997 2      997 997 2      997 998 2        0                                     
222814338  80  03  F338   C  11 997 2        9 997 2      997 997 2      997 998 2        0                                     
212817338  90  03  F338   C  12 997 2       10 997 2      997 997 2      997  32 2        0                                     
