12 0004                31020N122060E200108        0   0  0180  0  011272                                                        
220108158 190  25f  158   C  25 997 2       22 997 2      997 997 2      997  42 2      997***                                  
220111225 170  25f  203   C  23 997 2       20 997 2      997 997 2      997  41 2      997***                                  
220114225 100  23f  225   C  14 997 2       12 997 2      997 997 2      997  30 2      997***                                  
220117135  70  23u\f135  90  12 997 2       10 997 2      997 997 2      997 998 2      997***                                  
220208135  90  23u\f135  90  14 997 2       12 997 2      997 997 2      997 998 2      997***                                  
220211135  70  23f\u135  90  12 997 2       10 997 2      997 997 2      997 998 2      997***                                  
220214158  70  23f\u158  90  13 997 2       11 997 2      997 997 2      997  31 2      997***                                  
220217135 110  24f  135   C  16 997 2       14 997 2      997 997 2      997  35 2      997***                                  
220308 90  50  22u\f 90  90   8 997 2        6 997 2      997 997 2      997 998 2      997***                                  
220311113  50  22u\f113  90   8 997 2        6 997 2      997 997 2      997  45 2      997***                                  
220314 90  40  22u\f 90  90   6 997 2        4 997 2      997 997 2      997  35 2      997***                                  
220317 90  60  23u\f 90  90  10 997 2        8 997 2      997 997 2      997  45 2      997***                                  
220408 90  50  22u\f 90  90  13 997 2       11 997 2      997 997 2      997 998 2      997***                                  
220411113  60  23u\f113  90  11 997 2        9 997 2      997 997 2      997  44 2      997***                                  
220414135  70  23u\f135  90  13 997 2       11 997 2      997 997 2      997  46 2      997***                                  
220417135  60  23u\f135  90  13 997 2       11 997 2      997 997 2      997  49 2      997***                                  
220508158  70  23u\f158 113  13 997 2       11 997 2      997 997 2      997  41 2      997***                                  
220511158  90  24f\u158 113  14 997 2       12 997 2      997 997 2      997  31 2      997***                                  
220514158  90  23f  158   C  13 997 2       11 997 2      997 997 2      997 998 2      997***                                  
220517158 100  24f  158   C  14 997 2       12 997 2      997 997 2      997  33 2      997***                                  
220608203 120  24f  203   C  15 997 2       13 997 2      997 997 2      997 998 2      997***                                  
220611203  80  23f  203   C  12 997 2       10 997 2      997 997 2      997 998 2      997***                                  
220614180  80  23f  180   C  12 997 2       10 997 2      997 997 2      997  31 2      997***                                  
220617180  50  23f  180   C   8 997 2        6 997 2      997 997 2      997  25 2      997***                                  
220708180  60  23f  180   C   8 997 2        6 997 2      997 997 2      997  27 2      997***                                  
220711180  50  22u\f180  90   6 997 2        4 997 2      997 997 2      997  39 2      997***                                  
220714180  50  22u\f180  90   5 997 2        3 997 2      997 997 2      997  40 2      997***                                  
220717180  30  21u\f  C   C   0 997 2        0 997 2      997 997 2      997   0 2      997***                                  
220808180  40  23f\u180  90   7 997 2        5 997 2      997 997 2      997  27 2      997***                                  
220811180  50  23u\f180  90   7 997 2        5 997 2      997 997 2      997 998 2      997***                                  
220814158  30  22u\f158  90   5 997 2        4 997 2      997 997 2      997  42 2      997***                                  
220817158  30  21u\f  C   C   0 997 2        0 997 2      997 997 2      997   0 2      997***                                  
220908  C   0  21u\f  C   C   0 997 2        0 997 2      997 997 2      997   0 2      997***                                  
220911 68  10  21u\f  C   C   0 997 2        0 997 2      997 997 2      997   0 2      997***                                  
220914 23 130  24f   23   C  18 997 2       15 997 2      997 997 2      997 998 2      997***                                  
220917 45 100  24f   45   C  15 997 2       13 997 2      997 997 2      997  32 2      997***                                  
221008 23  90  24f   23   C  16 997 2       14 997 2      997 997 2      997  33 2      997***                                  
221011 45 100  24f   45   C  14 997 2       12 997 2      997 997 2      997 998 2      997***                                  
221014 23 110  24f   23   C  16 997 2       14 997 2      997 997 2      997  33 2      997***                                  
221017 23 100  24f   23   C  16 997 2       14 997 2      997 997 2      997  34 2      997***                                  
221108 45  30  22u\f 45  45  11 997 2        9 997 2      997 997 2      997  40 2      997***                                  
221111360  40  22u\f360  45   8 997 2        6 997 2      997 997 2      997  38 2      997***                                  
221114360  80  23u\f360  45  10 997 2        8 997 2      997 997 2      997 998 2      997***                                  
221117360  60  23u\f360  45  10 997 2        8 997 2      997 997 2      997  40 2      997***                                  
221208293  80  23u\f293  45  10 997 2        8 997 2      997 997 2      997  51 2      997***                                  
221211270  80  23u\f270  45  12 997 2       10 997 2      997 997 2      997 998 2      997***                                  
221214315  50  22u\f315  45  10 997 2        8 997 2      997 997 2      997  42 2      997***                                  
221217338  50  22u\f338  45   9 997 2        7 997 2      997 997 2      997  38 2      997***                                  
221308315  50  22u\f315  45   7 997 2        6 997 2      997 997 2      997 998 2      997***                                  
221311293  50  22u\f293  45   7 997 2        6 997 2      997 997 2      997 998 2      997***                                  
221314338  40  22u\f338  45   6 997 2        5 997 2      997 997 2      997  37 2      997***                                  
221317 23  60  22u\f 23  45   6 997 2        5 997 2      997 997 2      997  35 2      997***                                  
221408 45  30  21u\f  C   C   0 997 2        0 997 2      997 997 2       90   0 2      997***                                  
221411 45  40  22u\f 45  45   9 997 2        7 997 2      997 997 2      997  38 2      997***                                  
221414 68  50  22u\f 68  45   6 997 2        5 997 2      997 997 2      997  39 2      997***                                  
221417 68  60  22u\f 68  45   5 997 2        4 997 2      997 997 2      997  37 2      997***                                  
221508 45  60  22u\f 45  45   7 997 2        5 997 2      997 997 2      997 998 2      997***                                  
221511 45  50  22u\f 45  45   8 997 2        6 997 2      997 997 2      997  38 2      997***                                  
221514 23  80  23u\f 23  45   9 997 2        7 997 2      997 997 2      997  40 2      997***                                  
221517 90  30  22u\f 90  45   9 997 2        7 997 2      997 997 2      997 998 2      997***                                  
221608135  70  23u\f135  90  14 997 2       12 997 2      997 997 2      997 998 2      997***                                  
221611113  40  22u\f113  90  15 997 2       13 997 2      997 997 2      997  49 2      997***                                  
221614113  70  23u\f113  90  16 997 2       14 997 2      997 997 2      997  51 2      997***                                  
221617113  70  23u\f113  90  12 997 2       10 997 2      997 997 2      997 998 2      997***                                  
221708 68  50  22u\f 68  68  10 997 2        8 997 2      997 997 2      997  41 2      997***                                  
221711 68  40  22u\f 68  68  12 997 2       10 997 2      997 997 2      997  42 2      997***                                  
221714 45  40  22u\f 45  68  15 997 2       13 997 2      997 997 2      997  52 2      997***                                  
221717 68  70  22u\f 68  68  13 997 2       11 997 2      997 997 2      997 998 2      997***                                  
221808 45  70  22u\f 45  68  14 997 2       12 997 2      997 997 2      997  48 2      997***                                  
221811 68  90  23u\f 68  68  17 997 2       15 997 2      997 997 2      997 998 2      997***                                  
221814 23  80  23u\f 23  68  13 997 2       11 997 2      997 997 2      997  44 2      997***                                  
221817 45  90  23u\f 45  68  14 997 2       12 997 2      997 997 2      997 998 2      997***                                  
221908 45  90  23u\f 45  68  17 997 2       15 997 2      997 997 2      997 998 2      997***                                  
221911 45  80  23u\f 45  68  15 997 2       13 997 2      997 997 2      997  49 2      997***                                  
221914 23  90  24u\f 23  68  13 997 2       11 997 2      997 997 2      997 998 2      997***                                  
221917 23  90  24u\f 23  68  13 997 2       11 997 2      997 997 2      997  44 2      997***                                  
222008 45  80  23u\f 45  68  16 997 2       14 997 2      997 997 2      997 998 2      997***                                  
222011 23  70  23u\f 23  68  15 997 2       13 997 2      997 997 2      997  52 2      997***                                  
222014 23  80  23u\f 23  68  14 997 2       12 997 2      997 997 2      997 998 2      997***                                  
222017 23  80  23u\f 23  68  13 997 2       11 997 2      997 997 2      997 998 2      997***                                  
222108293  40  21u\f  C  68  13 997 2       11 997 2      997 997 2      997  47 2      997***                                  
222111270  30  21u\f  C  68  12 997 2       10 997 2      997 997 2      997  46 2      997***                                  
222114360  30  21u\f  C  68  13 997 2       11 997 2      997 997 2      997  46 2      997***                                  
222117203  30  21u\f  C  68  10 997 2        8 997 2      997 997 2      997 998 2      997***                                  
222208338  70  22u\f338  68   8 997 2        6 997 2      997 997 2      997 998 2      997***                                  
222211315  40  22u\f315  68   7 997 2        5 997 2      997 997 2      997 998 2      997***                                  
222214315  10  21u\f  C  68   4 997 2        3 997 2      997 997 2      997  37 2      997***                                  
222217203  30  21u\f  C  68   4 997 2        3 997 2      997 997 2      997  35 2      997***                                  
222308  C   0  21u\f  C  68   4 997 2        3 997 2      997 997 2      997  32 2      997***                                  
222311135  10  21u\f  C  68   4 997 2        3 997 2      997 997 2      997 998 2      997***                                  
222314 23  40  21u\f  C  68   4 997 2        3 997 2      997 997 2      997 998 2      997***                                  
222317113  50  22f  113   C   6 997 2        4 997 2      997 997 2      997  26 2      997***                                  
222408135  50  23f  135   C   7 997 2        5 997 2      997 997 2      997  29 2      997***                                  
222411 90  50  23f\u 90  68   7 997 2        5 997 2      997 997 2      997 998 2      997***                                  
222414 90  60  23f   90   C   8 997 2        6 997 2      997 997 2      997  31 2      997***                                  
222417113  70  23f  113   C  10 997 2        8 997 2      997 997 2      997  31 2      997***                                  
222508 90 120  24f   90   C  17 997 2       15 997 2      997 997 2      997  45 2      997***                                  
222511 68 140  24f   68   C  19 997 2       16 997 2      997 997 2      997 998 2      997***                                  
222514 68 150  24f   68   C  19 997 2       16 997 2      997 997 2      997 998 2      997***                                  
222517 68 120  24f   68   C  15 997 2       13 997 2      997 997 2      997 998 2      997***                                  
222608 23 100  24f   23   C  14 997 2       12 997 2      997 997 2      997  40 2      997***                                  
222611 45  60  23f   45   C  12 997 2       10 997 2      997 997 2      997  31 2      997***                                  
222614 45  80  23f   45   C  11 997 2        9 997 2      997 997 2      997  32 2      997***                                  
222617 23  80  23f   23   C  11 997 2        9 997 2      997 997 2      997  35 2      997***                                  
222708 45  80  23f\u 45  90  10 997 2        8 997 2      997 997 2      997  38 2      997***                                  
222711 45  80  23f\u 45  90  10 997 2        8 997 2      997 997 2      997  34 2      997***                                  
222714360  70  23f\u360  90  10 997 2        8 997 2      997 997 2      997 998 2      997***                                  
222717 23  90  23f   23   C  11 997 2        9 997 2      997 997 2      997  30 2      997***                                  
222808 45  60  23u\f 45  68  12 997 2       10 997 2      997 997 2      997  48 2      997***                                  
222811 68  60  23u\f 68  68  12 997 2       10 997 2      997 997 2      997  45 2      997***                                  
222814 68  70  23u\f 68  68  14 997 2       12 997 2      997 997 2      997  52 2      997***                                  
222817 68  50  23u\f 68  68  15 997 2       13 997 2      997 997 2      997  57 2      997***                                  
222908 68  90  23u\f 68  68  14 997 2       12 997 2      997 997 2      997  50 2      997***                                  
222911 90  80  23u\f 90  68  15 997 2       13 997 2      997 997 2      997 998 2      997***                                  
222914 90  70  23u\f 90  68  13 997 2       11 997 2      997 997 2      997  45 2      997***                                  
222917 90 110  24f\u 90  68  14 997 2       12 997 2      997 997 2      997 998 2      997***                                  
223008 68 130  24f\u 68  90  16 997 2       14 997 2      997 997 2      997 998 2      997***                                  
223011 45 110  24f   45   C  13 997 2       11 997 2      997 997 2      997 998 2      997***                                  
223014 23  80  23f   23   C   8 997 2        6 997 2      997 997 2      997  27 2      997***                                  
223017 45 110  23f   45   C  11 997 2        9 997 2      997 997 2      997  35 2      997***                                  
223108 45  70  22u\f 45  68  11 997 2        9 997 2      997 997 2      997 998 2      997***                                  
223111 45  60  22u\f 45  68  12 997 2       10 997 2      997 997 2       90  54 2      997***                                  
223114 45  60  23f\u 45  68   9 997 2        7 997 2      997 997 2      997  31 2      997***                                  
213117 68  60  23u\f 68  68   9 997 2        7 997 2      997 997 2      997  39 2      997***                                  
                                                                                                                                
