12 0004                31020N122060E200105        0   0  0180  0  011272                                                        
220108315 100  23u/f315  90  15 997 2       13 997 2      997 997 2      997  43 2      997***                                  
220111293  70  22u/f293  90  15 997 2       13 997 2      997 997 2      997 998 2      997***                                  
220114338  70  22u/f338  90  13 997 2       11 997 2      997 997 2      997 998 2      997***                                  
220117 23  60  22u/f 23  90  13 997 2       11 997 2      997 997 2      997  43 2      997***                                  
220208315  70  23f/u315  68   8 997 2        6 997 2      997 997 2      997  27 2      997***                                  
220211315  60  22u/f315  68  12 997 2       10 997 2      997 997 2      997 998 2      997***                                  
220214338  40  22u/f338  68  12 997 2       10 997 2      997 997 2      997  39 2      997***                                  
220217360  60  22u/f360  68   7 997 2        5 997 2      997 997 2      997 998 2      997***                                  
220308135  60  22u/f135  68  11 997 2        9 997 2      997 997 2      997  41 2      997***                                  
220311135  90  23f/u113 113  12 997 2       10 997 2      997 997 2      997 998 2      997***                                  
220314113  90  24f/u113 113  10 997 2        8 997 2      997 997 2      997 998 2      997***                                  
220317135 100  24f/u135 113  14 997 2       12 997 2      997 997 2      997 998 2      997***                                  
220408113  60  22f/u113  68  10 997 2        8 997 2      997 997 2      997  29 2      997***                                  
220411135  90  24f/u135  68  11 997 2        9 997 2      997 997 2      997 998 2      997***                                  
220414113 100  24u/f113  68  13 997 2       11 997 2      997 997 2      997  39 2      997***                                  
220417113  90  24u/f113  68  16 997 2       14 997 2      997 997 2      997 998 2      997***                                  
220508135 120  23u/f135  90  16 997 2       14 997 2      997 997 2      997  42 2      997***                                  
220511135 100  23u/f135  90  16 997 2       14 997 2      997 997 2      997  43 2      997***                                  
220514135 140  24f/u135  90  17 997 2       15 997 2      997 997 2      997  34 2      997***                                  
220517113 150  24f/u113  90  19 997 2       17 997 2      997 997 2      997  34 2      997***                                  
220608 90  90  23u/f 90  90  13 997 2       11 997 2      997 997 2      997  50 2      997***                                  
220611 45  50  22u/f 45  90  10 997 2        8 997 2      997 997 2      997 998 2      997***                                  
220614338  40  22u/f338  90   8 997 2        6 997 2      997 997 2      997 998 2      997***                                  
220617338  60  22u/f338  90  14 997 2       12 997 2      997 997 2      997 998 2      997***                                  
220708293  50  22u/f293  90  11 997 2        9 997 2      997 997 2      997 998 2      997***                                  
220711315  70  23u/f315  90  10 997 2        8 997 2      997 997 2      997 998 2      997***                                  
220714315  60  23u/f315  90  10 997 2        8 997 2      997 997 2      997  51 2      997***                                  
220717315  90  23f/u315  90  12 997 2       10 997 2      997 997 2      997  31 2      997***                                  
220808360  70  23u/f360  68  11 997 2        9 997 2      997 997 2      997 998 2      997***                                  
220811338  50  22u/f338  68   9 997 2        7 997 2      997 997 2      997  48 2      997***                                  
220814 45  30  22u/f 45  68   7 997 2        5 997 2      997 997 2      997  44 2      997***                                  
220817113  10  21u/f  C  68   6 997 2        4 997 2      997 997 2      997  50 2      997***                                  
220908225  40  22u/f225  68   9 997 2        7 997 2      997 997 2      997 998 2      997***                                  
220911225  20  21u/f225  68   6 997 2        4 997 2      997 997 2      997  60 2      997***                                  
220914 23  80  23f   23   C  11 997 2        9 997 2      997 997 2      997  27 2      997***                                  
220917 23  80  23f   23   C  10 997 2        8 997 2      997 997 2      997 998 2      997***                                  
221008 45  30  22u/f 45 113   6 997 2        4 997 2      997 997 2      997 998 2      997***                                  
221011 23  30  21u/f  C 113   6 997 2        4 997 2      997 997 2      997  48 2      997***                                  
221014 90  30  21u/f  C   C   0 997 2        0 997 2      997 997 2      997   0 2      997***                                  
221017158  60  23f  158   C   9 997 2        7 997 2      997 997 2      997  30 2      997***                                  
221108158  30  21u/f  C 113   6 997 2        4 997 2      997 997 2      997  56 2      997***                                  
221111158  70  23f  158   C   8 997 2        6 997 2      997 997 2      997 998 2      997***                                  
221114158  60  22f  158   C   7 997 2        5 997 2      997 997 2      997  24 2      997***                                  
221117135  40  22f  135   C   7 997 2        5 997 2      997 997 2      997  30 2      997***                                  
221208135  50  22f/u135  90   8 997 2        6 997 2      997 997 2      997  30 2      997***                                  
221211113  40  22f/u113  90   7 997 2        5 997 2      997 997 2      997 998 2      997***                                  
221214113  70  23f  113   C   9 997 2        7 997 2      997 997 2      997  27 2      997***                                  
221217113  50  23f  113   C   8 997 2        6 997 2      997 997 2      997  28 2      997***                                  
221308113  50  23f  113   C   8 997 2        6 997 2      997 997 2      997  29 2      997***                                  
221311113  90  24f  113   C  12 997 2       10 997 2      997 997 2      997  30 2      997***                                  
221314 90 110  24f   90   C  14 997 2       12 997 2      997 997 2      997 998 2      997***                                  
221317 90 100  24f   90   C  14 997 2       12 997 2      997 997 2      997  32 2      997***                                  
221408 90  70  23f/u 90 135  10 997 2        8 997 2      997 997 2      997  32 2      997***                                  
221411 90  40  23u/f 90 135  14 997 2       12 997 2      997 997 2      997 998 2      997***                                  
221414 90  60  23u/f 90 135  13 997 2       11 997 2      997 997 2      997  46 2      997***                                  
221417113  70  23u/f113 135  14 997 2       12 997 2      997 997 2      997  50 2      997***                                  
221508203  50  22u/f203 135  10 997 2        8 997 2      997 997 2      997  71 2      997***                                  
221511203  30  22u/f203 135  10 997 2        8 997 2      997 997 2      997  75 2      997***                                  
221514180  30  22u/f180 135  10 997 2        8 997 2      997 997 2      997  82 2      997***                                  
221517 90  30  21u/f  C 135  10 997 2        8 997 2      997 997 2      997 998 2      997***                                  
221608203  20  21u/f  C 135   7 997 2        5 997 2      997 997 2      997 998 2      997***                                  
221611998 998   ++++998 998 998 997 2      998 997 2      997 997 2      997 998 2      997***                                  
221614113  40  21u/f  C  90  15 997 2       12 997 2      997 997 2      997  46 2      997***                                  
221617 90  50  22u/f 90  90  13 997 2       11 997 2      997 997 2      997  51 2      997***                                  
221708135  80  23f/u135  90  11 997 2        9 997 2      997 997 2      997  26 2      997***                                  
221711135  80  23f/u135  90  11 997 2        9 997 2      997 997 2      997 998 2      997***                                  
221714135  40  22u/f135  90   9 997 2        7 997 2      997 997 2      997  37 2      997***                                  
221717158  90  24f/u158  90  14 997 2       12 997 2      997 997 2      997 998 2      997***                                  
221808  C   0  21u/f  C  90   7 997 2        5 997 2      997 997 2      997  37 2      997***                                  
221811158  20  21u/f  C   C   0 997 2        0 997 2      997 997 2      997   0 2      997***                                  
221814203  30  22u/f203  90   8 997 2        6 997 2      997 997 2      997  37 2      997***                                  
221817 90  40  21u/f  C  90   7 997 2        5 997 2      997 997 2      997  36 2      997***                                  
221908135  60  22f  135   C   7 997 2        5 997 2      997 997 2      997  29 2      997***                                  
221911158  90  24f  158   C  13 997 2       11 997 2      997 997 2      997  31 2      997***                                  
221914158  70  23f  158   C  12 997 2       10 997 2      997 997 2      997  33 2      997***                                  
221917158  80  23f  158   C  13 997 2       11 997 2      997 997 2      997  37 2      997***                                  
222008 90  80  23f/u 90 135  11 997 2        9 997 2      997 997 2      997  30 2      997***                                  
222011 90  70  23f/u 90 135  11 997 2        9 997 2      997 997 2      997 998 2      997***                                  
222014135  20  22u/f135 135   8 997 2        6 997 2      997 997 2      997  42 2      997***                                  
222017 90  30  22u/f 90  90  12 997 2       10 997 2      997 997 2      997  45 2      997***                                  
222108 45  20  21u/f  C  90   8 997 2        6 997 2      997 997 2      997  47 2      997***                                  
222111338  50  22u/f338  90  10 997 2        8 997 2      997 997 2      997  57 2      997***                                  
222114338  40  22u/f338  90  14 997 2       12 997 2      997 997 2      997  46 2      997***                                  
222117 23  70  22u/f 23  90  16 997 2       13 997 2      997 997 2      997  50 2      997***                                  
222208360  90  24u/f360  45  15 997 2       13 997 2      997 997 2      997  46 2      997***                                  
222211360 100  24f/u360  45  14 997 2       12 997 2      997 997 2      997  33 2      997***                                  
222214360  90  24f/u360  45  12 997 2       10 997 2      997 997 2      997  33 2      997***                                  
222217360 100  24u/f360  45  15 997 2       13 997 2      997 997 2      997 998 2      997***                                  
222308338  90  24f/u338  45  15 997 2       12 997 2      997 997 2      997 998 2      997***                                  
222311360  90  24f/u360  45  15 997 2       13 997 2      997 997 2      997 998 2      997***                                  
222314315  80  23u/f315  45  15 997 2       13 997 2      997 997 2      997  46 2      997***                                  
222317360 110  24f/u360  45  17 997 2       15 997 2      997 997 2      997  38 2      997***                                  
222408 68  10  21u/f  C  68   7 997 2        5 997 2      997 997 2      997  40 2      997***                                  
222411 68  30  21u/f  C  68   7 997 2        5 997 2      997 997 2      997  41 2      997***                                  
222414113  30  22u/f113  68   7 997 2        5 997 2      997 997 2      997  52 2      997***                                  
222417158  40  22u/f158  68   8 997 2        6 997 2      997 997 2      997  51 2      997***                                  
222508135  70  23f  135   C  10 997 2        8 997 2      997 997 2      997  35 2      997***                                  
222511158  80  23f  158   C  10 997 2        8 997 2      997 997 2      997 998 2      997***                                  
222514135  80  24f  135   C  12 997 2       10 997 2      997 997 2      997 998 2      997***                                  
222517135  80  24f  135   C  12 997 2       10 997 2      997 997 2      997  38 2      997***                                  
222608158  40  22u/f158 113  10 997 2        8 997 2      997 997 2      997  41 2      997***                                  
222611 45  20  21u/f  C 113   9 997 2        7 997 2      997 997 2      997  39 2      997***                                  
222614338  60  22u/f338 113   8 997 2        6 997 2      997 997 2      997  44 2      997***                                  
222617338  70  23f/u360 113   9 997 2        7 997 2      997 997 2      997  32 2      997***                                  
222708315  40  22u/f315 113   7 997 2        5 997 2      997 997 2      997  41 2      997***                                  
222711338  40  22u/f338 113   7 997 2        5 997 2      997 997 2      997  39 2      997***                                  
222714 23  40  22u/f 23 113   7 997 2        5 997 2      997 997 2      997  38 2      997***                                  
222717 23  40  22f/u 23 113   7 997 2        5 997 2      997 997 2      997  23 2      997***                                  
222808248  50  23f  248   C   7 997 2        5 997 2      997 997 2      997  25 2      997***                                  
222811225  60  23f/u225  68   9 997 2        7 997 2      997 997 2      997 998 2      997***                                  
222814248  80  23f  248   C  13 997 2       11 997 2      997 997 2      997 998 2      997***                                  
222817225 100  24f  225   C  15 997 2       13 997 2      997 997 2      997  30 2      997***                                  
222908158  50  23f  158   C   7 997 2        5 997 2      997 997 2      997  24 2      997***                                  
222911158  60  23f  158   C   9 997 2        7 997 2      997 997 2      997 998 2      997***                                  
222914158  70  23f  158   C  10 997 2        8 997 2      997 997 2      997 998 2      997***                                  
222917135  50  23f  135   C   7 997 2        5 997 2      997 997 2      997  22 2      997***                                  
223008 68 110  24u/f 68  68  16 997 2       14 997 2      997 997 2      997  51 2      997***                                  
223011 68 130  25f   68   C  19 997 2       16 997 2      997 997 2      997 998 2      997***                                  
223014 45 110  24f/u 45  68  16 997 2       14 997 2      997 997 2      997 998 2      997***                                  
223017 23  70  23u/f 23  68  15 997 2       13 997 2      997 997 2      997 998 2      997***                                  
223108293  20  21u/f293  68  13 997 2       11 997 2      997 997 2      997 998 2      997***                                  
223111225  60  23u/f225  68  13 997 2       11 997 2      997 997 2      997  55 2      997***                                  
223114180  50  23u/f180  68  11 997 2        9 997 2      997 997 2      997  56 2      997***                                  
213117360  60  203u/f360  68   9 997 2        7 997 2      997 997 2      997  54 2      997***                                 
