12 0004                31020N122060E200106        0   0  0180  0  011272                                                        
220108158  20  21u/f  c   c   0 997 2        0 997 2      997 997 2      997   0 2      997***                                  
220111225  20  21u/f  c  68   5 997 2        4 997 2      997 997 2      997  42 2      997***                                  
220114158  20  21u/f158  68   5 997 2        4 997 2      997 997 2      997  42 2      997***                                  
220117135  40  22u/f135  68   7 997 2        5 997 2      997 997 2      997  41 2      997***                                  
220208180  40  23  f180   c   7 997 2        5 997 2      997 997 2      997  25 2      997***                                  
220211180  50  23  f180   c   7 997 2        5 997 2      997 997 2      997  24 2      997***                                  
220214180  30  22  f180   c   5 997 2        3 997 2      997 997 2      997  20 2      997***                                  
220217180  50  22  f180   c   7 997 2        5 997 2      997 997 2      997 998 2      997***                                  
220308248  40  23f/u248  90   8 997 2        6 997 2      997 997 2      997  27 2      997***                                  
220311180  70  23  f180   c   8 997 2        6 997 2      997 997 2      997 998 2      997***                                  
220314158 110  24  f158   c  15 997 2       13 997 2      997 997 2      997  32 2      997***                                  
220317135 140  25  f135   c  18 997 2       15 997 2      997 997 2      997  37 2      997***                                  
220408113 110  24  f113   c  16 997 2       14 997 2      997 997 2      997 998 2      997***                                  
220411113 150  25  f113   c  24 997 2       21 997 2      997 997 2      997 998 2      997***                                  
220414113 120  25  f113   c  21 997 2       18 997 2      997 997 2      997 998 2      997***                                  
220417113 120  25  f113   c  21 997 2       18 997 2      997 997 2      997  38 2      997***                                  
220508225  70  23u/f225 113  13 997 2       11 997 2      997 997 2      997 998 2      997***                                  
220511270  40  23u/f270 113  11 997 2        9 997 2      997 997 2      997 998 2      997***                                  
220514225  40  22u/f225 113   9 997 2        7 997 2      997 997 2      997  41 2      997***                                  
220517203  20  21u/f203 113   9 997 2        7 997 2      997 997 2      997  40 2      997***                                  
220608 45  20  21u/f  c 113   7 997 2        5 997 2      997 997 2      997 998 2      997***                                  
220611 45  40  22u/f 45 113   9 997 2        7 997 2      997 997 2      997 998 2      997***                                  
220614 90  30  23u/f 90 113   9 997 2        7 997 2      997 997 2      997  41 2      997***                                  
220617 90  60  23f/u 90 113   9 997 2        7 997 2      997 997 2      997  25 2      997***                                  
220708 90  70  23  f 90   c  11 997 2        9 997 2      997 997 2      997 998 2      997***                                  
220711 90  60  23  f 90   c  11 997 2        9 997 2      997 997 2      997 998 2      997***                                  
220714 90  70  23f/u 90  90  10 997 2        8 997 2      997 997 2      997  28 2      997***                                  
220717 90  70  23f/u 90  90  11 997 2        9 997 2      997 997 2      997  29 2      997***                                  
220808 90  90  23f/u 90  90  15 997 2       13 997 2      997 997 2      997  35 2      997***                                  
220811113  70  23u/f113  90  10 997 2        8 997 2      997 997 2      997 998 2      997***                                  
220814113  70  23u/f113  90  11 997 2        9 997 2      997 997 2      997  43 2      997***                                  
220817 90  50  23u/f 90  90   9 997 2        7 997 2      997 997 2      997  45 2      997***                                  
220908 90  70  23u/f 90  90  11 997 2        9 997 2      997 997 2      997  42 2      997***                                  
220911 68  70  23u/f 68  90   9 997 2        7 997 2      997 997 2      997  40 2      997***                                  
220914 68  80  23u/f 68  90  11 997 2        9 997 2      997 997 2      997 998 2      997***                                  
220917 45  50  22u/f 45  90   8 997 2        6 997 2      997 997 2      997  37 2      997***                                  
221008 68  80  23u/f 68  90  11 997 2        9 997 2      997 997 2      997  42 2      997***                                  
221011 45  90  23f/u 45  90  14 997 2       12 997 2      997 997 2      997 998 2      997***                                  
221014 45  80  23f/u 45  90  11 997 2        9 997 2      997 997 2      997  31 2      997***                                  
221017 45  50  22u/f 45  68   8 997 2        6 997 2      997 997 2      997 998 2      997***                                  
221108 45  90  24u/f 45  45  17 997 2       15 997 2      997 997 2      997  51 2      997***                                  
221111 45  90  24u/f 45  45  17 997 2       15 997 2      997 997 2      997  44 2      997***                                  
221114 45  80  23u/f 45  68  14 997 2       12 997 2      997 997 2      997  42 2      997***                                  
221117 23  70  23u/f 23  68  16 997 2       14 997 2      997 997 2      997  47 2      997***                                  
221208 68  70  23u/f 68  68  10 997 2        8 997 2      997 997 2      997  44 2      997***                                  
221211 90  50  23u/f 90  68  16 997 2       13 997 2      997 997 2      997  51 2      997***                                  
221214 90  40  22u/f 90  90  12 997 2       10 997 2      997 997 2      997  51 2      997***                                  
221217 90  70  23u/f 90  90  14 997 2       12 997 2      997 997 2      997  43 2      997***                                  
221308135  60  23u/f135  90  15 997 2       13 997 2      997 997 2      997  47 2      997***                                  
221311 23 140  25  f 23   c  21 997 2       18 997 2      997 997 2      997 998 2      997***                                  
221314 23 120  24  f 23   c  16 997 2       14 997 2      997 997 2      997 998 2      997***                                  
221317 68  80  23u/f 68  90  14 997 2       12 997 2      997 997 2      997  44 2      997***                                  
221408 90  90  23u/f 90  90  14 997 2       12 997 2      997 997 2      997  50 2      997***                                  
221411 90  80  23u/f 90  90  14 997 2       12 997 2      997 997 2      997  48 2      997***                                  
221414 90  70  24u/f 90  90  16 997 2       14 997 2      997 997 2      997 998 2      997***                                  
221417 90 100  22u/f 90  90  14 997 2       12 997 2      997 997 2      997  45 2      997***                                  
221508113  30  22u/f113  45  10 997 2        8 997 2      997 997 2      997  48 2      997***                                  
221511113  60  23u/f113  45  13 997 2       11 997 2      997 997 2      997 998 2      997***                                  
221514135  60  23u/f135  45  13 997 2       11 997 2      997 997 2      997  41 2      997***                                  
221517113 100  24f/u113  45  15 997 2       13 997 2      997 997 2      997 998 2      997***                                  
221608158 120  24  f158   c  16 997 2       14 997 2      997 997 2      997  32 2      997***                                  
221611135 130  24  f135   c  18 997 2       16 997 2      997 997 2      997  33 2      997***                                  
221614135 120  24  f135   c  18 997 2       16 997 2      997 997 2      997  34 2      997***                                  
221617135 140  25  f135   c  22 997 2       19 997 2      997 997 2      997 998 2      997***                                  
221708135 100  23  f135   c  14 997 2       12 997 2      997 997 2      997 998 2      997***                                  
221711158  90  23  f135   c  13 997 2       11 997 2      997 997 2      997 998 2      997***                                  
221714270  40  22u/f270  68   9 997 2        7 997 2      997 997 2      997  36 2      997***                                  
221717 45  30  22u/f 45  68   7 997 2        5 997 2      997 997 2      997 998 2      997***                                  
221808180  90  23  f180   c  11 997 2        9 997 2      997 997 2      997  29 2      997***                                  
221811180  90  24  f180   c  14 997 2       12 997 2      997 997 2      997 998 2      997***                                  
221814180  70  23  f180   c   8 997 2        6 997 2      997 997 2      997  30 2      997***                                  
221817180  80  23u/f180 113  13 997 2       11 997 2      997 997 2      997 998 2      997***                                  
221908248  70  23u/f248 113  10 997 2        8 997 2      997 997 2      997 998 2      997***                                  
221911248  30  22u/f248 113  12 997 2       10 997 2      997 997 2      997  51 2      997***                                  
221914360  60  23u/f360 113  10 997 2        8 997 2      997 997 2      997  48 2      997***                                  
221917 23  50  23u/f 23 113  10 997 2        8 997 2      997 997 2      997  49 2      997***                                  
222008 68  70  22u/f 68 113  10 997 2        8 997 2      997 997 2      997 998 2      997***                                  
222011 45  70  23  f 45   c  10 997 2        8 997 2      997 997 2      997  27 2      997***                                  
222014 45  80  23  f 45   c  11 997 2        9 997 2      997 997 2      997  30 2      997***                                  
222017 45  70  23  f 45   c  10 997 2        8 997 2      997 997 2      997  31 2      997***                                  
222108 68  70  23u/f 68 113  10 997 2        8 997 2      997 997 2      997 998 2      997***                                  
222111 68  80  23u/f 68 113  10 990          8 997 2      997 997 2      997 998 2      997***                                  
222114 68  50  23u/f 68 113   9 997 2        7 997 2      997 997 2      997  53 2      997***                                  
222117 90  50  23u/f 90 113  12 997 2       10 997 2      997 997 2      997 998 2      997***                                  
222208 45  40  21u/f 45 113  12 997 2       10 997 2      997 997 2      997 998 2      997***                                  
222211 68 100  23f/u 68 113  11 997 2        9 997 2      997 997 2      997  31 2      997***                                  
222214 68  80  23f/u 68 113  11 997 2        9 997 2      997 997 2      997  31 2      997***                                  
222217 90 110  24f/u 90 113  14 997 2       12 997 2      997 997 2      997 998 2      997***                                  
222308 68  70  23u/f 68 113  14 997 2       12 997 2      997 997 2      997 998 2      997***                                  
222311 68  90  23f/u 68 113  12 997 2       10 997 2      997 997 2      997 998 2      997***                                  
222314 45 150  24f/u 45 113  22 997 2       19 997 2      997 997 2      997  36 2      997***                                  
222317 45 140  24  f 45   c  19 997 2       17 997 2      997 997 2      997  34 2      997***                                  
222408225  70  23u/f225 113  11 997 2        9 997 2      997 997 2      997 998 2      997***                                  
222411225  10  21u/f225 113  12 997 2       10 997 2      997 997 2      997  56 2      997***                                  
222414 45  80  23u/f 45 113  12 997 2       10 997 2      997 997 2      997 998 2      997***                                  
222417293  50  22u/f293 113   8 997 2        6 997 2      997 997 2      997 998 2      997***                                  
222508 68  10  21u/f 68 113  10 997 2        8 997 2      997 997 2      997  58 2      997***                                  
222511 90  60  22u/f 90 113   8 997 2        6 997 2      997 997 2      997 998 2      997***                                  
222514 90  30  21u/f 90 113   8 997 2        6 997 2      997 997 2      997  61 2      997***                                  
222517 23  40  21u/f 23 113   9 997 2        7 997 2      997 997 2      997  66 2      997***                                  
222608225  70  22f/u225 113   7 997 2        5 997 2      997 997 2      997  23 2      997***                                  
222611203  70  22f/u203 113   9 997 2        7 997 2      997 997 2      997 998 2      997***                                  
222614248  50  22f/u248 113   7 997 2        5 997 2      997 997 2      997  26 2      997***                                  
222617180  70  23  f180   c   9 997 2        7 997 2      997 997 2      997 998 2      997***                                  
222708180  30  21u/f180 113   6 997 2        4 997 2      997 997 2      997  62 2      997***                                  
222711225  50  22f/u225 113   8 997 2        6 997 2      997 997 2      997  30 2      997***                                  
222714203  50  22f/u203 113   7 997 2        5 997 2      997 997 2      997  26 2      997***                                  
222717180  50  22u/f180 113   8 997 2        6 997 2      997 997 2      997 998 2      997***                                  
222808203  70  23f/u203 113   8 997 2        6 997 2      997 997 2      997  27 2      997***                                  
222811203  50  23f/u203 113   7 997 2        5 997 2      997 997 2      997  29 2      997***                                  
222814180  30  21u/f180 113   7 997 2        5 997 2      997 997 2      997  65 2      997***                                  
222817158  60  23u/f158 113   8 997 2        6 997 2      997 997 2      997 998 2      997***                                  
222908203  80  23  f203   c   9 997 2        7 997 2      997 997 2      997 998 2      997***                                  
222911998 998  2++++998 998 998 997 2      998 997 2      997 997 2      997 998 2      997***                                  
222914135  70  23  f135   c   9 997 2        7 997 2      997 997 2      997 998 2      997***                                  
222917158  70  23f/u158 113   9 997 2        7 997 2      997 997 2      997  29 2      997***                                  
223008203  70  23u/f203 135  11 997 2        9 997 2      997 997 2      997  35 2      997***                                  
223011203  60  23u/f203 135  11 997 2        9 997 2      997 997 2      997  37 2      997***                                  
223014158  50  23u/f158  90  10 997 2        8 997 2      997 997 2      997  36 2      997***                                  
213017158  70  23u/f158  90  10 997 2        8 997 2      997 997 2      997 998 2      997***                                  
