12 0004                30020N122060E200101        0   0  0180  0  011272                                                        
220108225  10  01U/F  C  68   8 997 2        6 997 2      997 997 2      997  54 2        0                                     
220111248  20  02U/F248  68  11 997 2        9 997 2      997 997 2      997 998 2        0                                     
220114203  30  02U/F203  90   7 997 2        5 997 2      997 997 2      997  38 2        0                                     
220117180  70  03F/U180  90  10 997 2        8 997 2      997 997 2      997  32 2        0                                     
220208338  50  03  F338   C   7 997 2        5 997 2      997 997 2      997  27 2        0                                     
220211338  60  03  F338   C   8 997 2        6 997 2      997 997 2      997 998 2        0                                     
220214360  70  03  F360   C   9 997 2        7 997 2      997 997 2      997  29 2        0                                     
220217 45  90  03F/U 45  68  12 997 2       10 997 2      997 997 2      997 998 2        0                                     
220308 90  30  02U/F 90  90   7 997 2        5 997 2      997 997 2      997  44 2        0                                     
220311 90  30  02U/F 90  90   8 997 2        6 997 2      997 997 2      997  34 2        0                                     
220314113  20  01U/F  C  90   6 997 2        4 997 2      997 997 2      997 998 2        0                                     
220317135  20  01U/F  C  90   6 997 2        4 997 2      997 997 2      997  35 2        0                                     
220408 68  50  03F/U 68  90   7 997 2        5 997 2      997 997 2      997 998 2        0                                     
220411 68  60  03F/U 68  90   8 997 2        6 997 2      997 997 2      997  32 2        0                                     
220414 68  60  03F/U 68  90   8 997 2        6 997 2      997 997 2      997  32 2        0                                     
220417 68  70  03F/U 68  90   9 997 2        7 997 2      997 997 2      997  31 2        0                                     
220508 68 110  04  F 68   C  14 997 2       12 997 2      997 997 2      997  30 2        0                                     
220511 68 110  04  F 68   C  15 997 2       13 997 2      997 997 2      997 998 2        0                                     
220514 90 100  03  F 90   C  13 997 2       11 997 2      997 997 2      997  28 2        0                                     
220517 68 110  03  F 68   C  13 997 2       11 997 2      997 997 2      997  29 2        0                                     
220608 90 120  04  F 90   C  15 997 2       13 997 2      997 997 2      997 998 2        0                                     
220611 90 100  03  F 90   C  12 997 2       10 997 2      997 997 2      997  28 2        0                                     
220614113  90  03  F113   C  11 997 2        9 997 2      997 997 2      997  30 2        0                                     
220617113 110  04  F113   C  13 997 2       11 997 2      997 997 2      997  30 2        0                                     
220708315 100  03  F315   C  13 997 2       11 997 2      997 997 2      997 998 2        0                                     
220711293 110  04  F293   C  15 997 2       12 997 2      997 997 2      997  28 2        0                                     
220714293 130  04  F293   C  16 997 2       13 997 2      997 997 2      997 998 2        0                                     
220717315 150  04  F315   C  20 997 2       17 997 2      997 997 2      997  27 2        0                                     
220808 45  50  03U/F 45  68   9 997 2        7 997 2      997 997 2      997  41 2        0                                     
220811 45  40  02U/F 45  68   7 997 2        5 997 2      997 997 2      997 998 2        0                                     
220814 68  60  03U/F 68  68   9 997 2        7 997 2      997 997 2      997  40 2        0                                     
220817 90  60  03U/F 90  68   9 997 2        7 997 2      997 997 2      997  36 2        0                                     
220908293 120  04  F293   C  16 997 2       13 997 2      997 997 2      997  30 2        0                                     
220911293 130  04  F293   C  17 997 2       14 997 2      997 997 2      997  28 2        0                                     
220914315 150  04  F315   C  19 997 2       16 997 2      997 997 2      997  28 2        0                                     
220917315 140  04  F315   C  17 997 2       15 997 2      997 997 2      997  27 2        0                                     
221008 23  60  03U/F 23  45  10 997 2        8 997 2      997 997 2      997  32 2        0                                     
221011338  30  02U/F  C  45   7 997 2        5 997 2      997 997 2      997 998 2        0                                     
221014 23  20  02U/F  C  45   8 997 2        6 997 2      997 997 2      997 998 2        0                                     
221017248  20  01U/F  C  45   7 997 2        5 997 2      997 997 2      997  51 2        0                                     
221108270  50  03U/F270  68   8 997 2        6 997 2      997 997 2      997 998 2        0                                     
221111315  60  03U/F315  68   9 997 2        7 997 2      997 997 2      997 998 2        0                                     
221114293  60  02U/F293  68   8 997 2        6 997 2      997 997 2      997  38 2        0                                     
221117315  50  02U/F315  68   8 997 2        6 997 2      997 997 2      997 998 2        0                                     
221208113  60  02F/U113  68   6 997 2        4 997 2      997 997 2      997  22 2        0                                     
221211360  30  02U/F  C  68   6 997 2        4 997 2      997 997 2      997 998 2        0                                     
221214 23  20  02U/F  C  68   5 997 2        3 997 2      997 997 2      997  38 2        0                                     
221217 90  40  02U/F 90  68   8 997 2        6 997 2      997 997 2      997  33 2        0                                     
221308293 100  04  F293   C  14 997 2       12 997 2      997 997 2      997  26 2        0                                     
221311338  90  04  F338   C  13 997 2       11 997 2      997 997 2      997  25 2        0                                     
221314315  90  04  F315   C  13 997 2       11 997 2      997 997 2      997 998 2        0                                     
221317315  80  03  F315   C  10 997 2        8 997 2      997 997 2      997  24 2        0                                     
221408315 110  04  F315   C  12 997 2       10 997 2      997 997 2      997  21 2        0                                     
221411315 130  04  F315   C  15 997 2       13 997 2      997 997 2      997  25 2        0                                     
221414315 130  04  F315   C  15 997 2       13 997 2      997 997 2      997 998 2        0                                     
221417315 140  04  F315   C  16 997 2       14 997 2      997 997 2      997  28 2        0                                     
221508315 130  04  F315   C  16 997 2       14 997 2      997 997 2      997  24 2        0                                     
221511315  90  04  F315   C  15 997 2       13 997 2      997 997 2      997  26 2        0                                     
221514315  90  04F/U315  68  13 997 2       10 997 2      997 997 2      997  26 2        0                                     
221517315  90  04U/F315  68  13 997 2       10 997 2      997 997 2      997 998 2        0                                     
221608360  50  03U/F360  45   8 997 2        6 997 2      997 997 2      997 998 2        0                                     
221611360  50  03U/F360  45   8 997 2        6 997 2      997 997 2      997 998 2        0                                     
221614360  50  03U/F360  45  10 997 2        8 997 2      997 997 2      997  37 2        0                                     
221617360  50  03U/F360  45  11 997 2        9 997 2      997 997 2      997 998 2        0                                     
221708 68  20  02U/F 68  68   8 997 2        6 997 2      997 997 2      997 998 2        0                                     
221711 68  10  02U/F  C  68   8 997 2        6 997 2      997 997 2      997  41 2        0                                     
221714 90  40  02U/F  C  68   9 997 2        7 997 2      997 997 2      997 998 2        0                                     
221717135  40  02U/F135  68   8 997 2        6 997 2      997 997 2      997  47 2        0                                     
221808135  60  02U/F135  68   9 997 2        7 997 2      997 997 2      997  41 2        0                                     
221811158  50  02U/F158  68  10 997 2        8 997 2      997 997 2      997  43 2        0                                     
221814158  40  02U/F158  68   8 997 2        6 997 2      997 997 2      997  38 2        0                                     
221817135  60  02U/F135  68  10 997 2        8 997 2      997 997 2      997  41 2        0                                     
221908135  60  02U/F135  68   9 997 2        7 997 2      997 997 2      997  38 2        0                                     
221911180  20  01U/F  C  68   9 997 2        7 997 2      997 997 2      997  42 2        0                                     
221914293  20  01U/F  C  68   9 997 2        7 997 2      997 997 2      997  41 2        0                                     
221917338  20  01U/F  C  68   9 997 2        7 997 2      997 997 2      997  40 2        0                                     
222008315 120  04  F315   C  16 997 2       13 997 2      997 997 2      997 998 2        0                                     
222011315 110  04  F315   C  16 997 2       13 997 2      997 997 2      997 998 2        0                                     
222014315 100  04  F315   C  16 997 2       13 997 2      997 997 2      997 998 2        0                                     
222017360  90  04F/U360  45  16 997 2       14 997 2      997 997 2      997 998 2        0                                     
222108 45  50  02U/F 45  45   7 997 2        5 997 2      997 997 2      997  42 2        0                                     
222111 45  30  02U/F 45  45   8 997 2        6 997 2      997 997 2      997 998 2        0                                     
222114 45  70  03U/F 45  45  13 997 2       11 997 2      997 997 2      997  43 2        0                                     
222117 90  70  03F/U 90  45  14 997 2       12 997 2      997 997 2      997  31 2        0                                     
222208 45 100  03U/F 45  68  12 997 2       10 997 2      997 997 2      997 998 2        0                                     
222211 23 120  04F/U 23  68  18 997 2       16 997 2      997 997 2      997 998 2        0                                     
222214 23 140  05  F 23   C  21 997 2       18 997 2      997 997 2      997  35 2        0                                     
222217 23 100  03  F 23   C  10 997 2        8 997 2      997 997 2      997  24 2        0                                     
222308 23  80  03U/F 23  90  11 997 2        9 997 2      997 997 2      997 998 2        0                                     
222311 45  70  03U/F 45  90  11 997 2        9 997 2      997 997 2      997 998 2        0                                     
222314 68  80  03U/F 68  90  13 997 2       11 997 2      997 997 2      997 998 2        0                                     
222317 68  90  03U/F 68  90  14 997 2       12 997 2      997 997 2      997  40 2        0                                     
222408113 110  03U/F113  68  18 997 2       16 997 2      997 997 2      997 998 2        0                                     
222411 68  80  03U/F 68  68  16 997 2       14 997 2      997 997 2      997 998 2        0                                     
222414113  80  03U/F113  68  12 997 2       10 997 2      997 997 2      997  41 2        0                                     
222417 45  30  01U/F 45  68   8 997 2        6 997 2      997 997 2      997  39 2        0                                     
222508 23 120  04U/F 23  68  19 997 2       17 997 2      997 997 2      997 998 2        0                                     
222511 23 110  04U/F 23  68  16 997 2       14 997 2      997 997 2      997 998 2        0                                     
222514 23 120  04F/U 23  68  15 997 2       13 997 2      997 997 2      997  34 2        0                                     
222517 23 140  04F/U 23  68  16 997 2       14 997 2      997 997 2      997 998 2        0                                     
222608315 120  04  F315   C  14 997 2       12 997 2      997 997 2      997  33 2        0                                     
222611338 120  04  F338   C  14 997 2       12 997 2      997 997 2      997 998 2        0                                     
222614315 120  04  F315   C  14 997 2       12 997 2      997 997 2      997  31 2        0                                     
222617315 160  05  F315   C  20 997 2       17 997 2      997 997 2      997  32 2        0                                     
222708315 120  04  F315   C  15 997 2       13 997 2      997 997 2      997  31 2        0                                     
222711315 110  04  F315   C  14 997 2       12 997 2      997 997 2      997  29 2        0                                     
222714315 110  04  F315   C  14 997 2       12 997 2      997 997 2      997 998 2        0                                     
222717338  70  03F/U338  90  10 997 2        8 997 2      997 997 2      997 998 2        0                                     
222808270  90  03  F270   C  11 997 2        9 997 2      997 997 2      997  31 2        0                                     
222811293 170  05  F293   C  26 997 2       23 997 2      997 997 2      997  33 2        0                                     
222814315 150  05  F315   C  23 997 2       20 997 2      997 997 2      997  32 2        0                                     
222817315 140  04  F315   C  18 997 2       16 997 2      997 997 2      997  30 2        0                                     
222908360  50  03F/U360  68   7 997 2        5 997 2      997 997 2      997  31 2        0                                     
222911270  40  02U/F270  68   7 997 2        5 997 2      997 997 2      997  46 2        0                                     
222914180  30  02U/F180  68   6 997 2        4 997 2      997 997 2      997  45 2        0                                     
222917180  40  02U/F180  68   6 997 2        4 997 2      997 997 2      997  37 2        0                                     
223008 68  20  01U/F  C  68   6 997 2        4 997 2      997 997 2      997  41 2        0                                     
223011 68  30  01U/F  C  68   6 997 2        4 997 2      997 997 2      997 998 2        0                                     
223014 45  20  01U/F  C  68   5 997 2        3 997 2      997 997 2      997  44 2        0                                     
223017135  30  01U/F  C  90   6 997 2        4 997 2      997 997 2      997 998 2        0                                     
223108158  30  02U/F158  90   6 997 2        4 997 2      997 997 2      997  37 2        0                                     
223111113  30  02U/F113  90   6 997 2        4 997 2      997 997 2      997  35 2        0                                     
223114248  60  03  F248   C   7 997 2        5 997 2      997 997 2      997  30 2        0                                     
223117293  50  03  F293   C   7 997 2        5 997 2      997 997 2      997 998 2        0                                     
